TDRS 3                  
1 19548U 88091B   26275.87765675 -.00000303  00000+0  00000+0 0  9991
2 19548  12.5229 340.2816 0039116 350.5590 307.8094  1.00266910126466
FLTSATCOM 8 (USA 46)    
1 20253U 89077A   26275.50434293 -.00000371  00000+0  00000+0 0  9995
2 20253  12.3940 350.5048 0003343 237.5297  90.2855  1.00264063261635
TDRS 5                  
1 21639U 91054B   26275.42874264  .00000081  00000+0  00000+0 0  9996
2 21639  14.0592 352.9724 0009815 251.6317 113.2801  1.00269091128795
TDRS 6                  
1 22314U 93003B   26275.88049696 -.00000300  00000+0  00000+0 0  9991
2 22314  14.1861 356.2460 0009813 206.1446  80.3370  1.00268453123483
UFO 2 (USA 95)          
1 22787U 93056A   26275.84686352  .00000120  00000+0  00000+0 0  9994
2 22787  11.9335   2.9445 0002599 215.2248 126.9784  1.00270897119623
UFO 4 (USA 108)         
1 23467U 95003A   26275.53998067 -.00000026  00000+0  00000+0 0  9995
2 23467   9.7135  12.7216 0002973 178.6213 186.6004  1.00272240116031
TDRS 7                  
1 23613U 95035B   26275.82647233 -.00000243  00000+0  00000+0 0  9992
2 23613  13.2936 347.4398 0010294  98.4670 312.3212  1.00268630114331
USA 115 (MILSTAR-1 2)   
1 23712U 95060A   26275.19742933 -.00000205  00000+0  00000+0 0  9991
2 23712  14.1116   2.9369 0005858 170.8335 178.2904  1.00271544 33958
INMARSAT 3-F1           
1 23839U 96020A   26275.53259318 -.00000214  00000+0  00000+0 0  9996
2 23839  10.8219  45.6133 0007454 164.3886 148.9136  1.00003654111325
INMARSAT 3-F2           
1 24307U 96053A   26275.00114230  .00000135  00000+0  00000+0 0  9999
2 24307  10.0946  52.8228 0005621 137.4715 219.7443  0.99985017109982
INMARSAT 3-F3           
1 24674U 96070A   26275.80925894 -.00000269  00000+0  00000+0 0  9998
2 24674  10.5472  48.5882 0006616 166.7763  22.3158  0.99985824108985
USA 134                 
1 25019U 97065A   26275.43421700 -.00000065  00000+0  00000+0 0  9997
2 25019  12.9116  20.8968 0003888 261.7924 132.3963  1.00269479 34035
INMARSAT 3-F5           
1 25153U 98006B   26275.34854088 -.00000294  00000+0  00000+0 0  9995
2 25153   9.9278  52.1596 0003985 148.7929 241.5825  1.00264782104974
ABS-6                   
1 25924U 99053A   26275.71115182 -.00000127  00000+0  00000+0 0  9995
2 25924   0.0349  96.9919 0001289 112.9896 216.4934  1.00271667 98915
UFO 10 (USA 146)        
1 25967U 99063A   26272.11129411 -.00000181  00000+0  00000+0 0  9994
2 25967   9.9401  26.6463 0004457 201.0197 157.4470  1.00273947 98380
ASIASTAR                
1 26107U 00016A   26275.84297241 -.00000339  00000+0  00000+0 0  9996
2 26107   9.3771  56.9707 0004293 143.9409 219.1463  1.00272238 97004
USA 149 (DSP 20)        
1 26356U 00024A   26274.88861722  .00000054  00000+0  00000+0 0  9998
2 26356  13.2800  11.1621 0002644 282.2411  95.6433  0.99005104 33998
TDRS 8                  
1 26388U 00034A   26275.86579300 -.00000200  00000+0  00000+0 0  9995
2 26388  12.8519  30.3888 0001567 146.7488 230.8249  1.00277361 96260
NSS-11                  
1 26554U 00059A   26275.85701248  .00000017  00000+0  00000+0 0  9999
2 26554   2.3978  79.9684 0003243 128.9301 287.2233  1.00272254 42378
USA 153                 
1 26575U 00065A   26275.51113275 -.00000328  00000+0  00000+0 0  9995
2 26575  11.8087  34.5069 0001325 129.1020 165.9219  1.00277818 34009
AMC-6                   
1 26580U 00067A   26275.60431280  .00000081  00000+0  00000+0 0  9997
2 26580   0.4211  83.3086 0004805 124.7328 245.8050  1.00271474 94972
USA 157 (MILSTAR-2 2)   
1 26715U 01009A   26275.55394763  .00000106  00000+0  00000+0 0  9990
2 26715  11.6617  19.0728 0043181 181.5327 220.0355  1.00272657 34022
INTELSAT 902 (IS-902)   
1 26900U 01039A   26275.81229227 -.00000289  00000+0  00000+0 0  9993
2 26900   6.3826  70.4198 0003867 122.2489  61.1992  1.00272501 91775
USA 164 (MILSTAR-2 3)   
1 27168U 02001A   26275.76470215  .00000093  00000+0  00000+0 0  9991
2 27168  11.3095  21.2294 0097765  10.0781 274.4558  1.00275618 34031
INTELSAT 904 (IS-904)   
1 27380U 02007A   26275.27128188 -.00000229  00000+0  00000+0 0  9990
2 27380   7.1817  67.8519 0003613 135.3676 233.9665  1.00271998 52846
DIRECTV 5 (TEMPO 1)     
1 27426U 02023A   26275.87174588 -.00000064  00000+0  00000+0 0  9997
2 27426   5.1467  73.9078 0003353 127.2048  14.2286  1.00271218 89202
INTELSAT 905 (IS-905)   
1 27438U 02027A   26275.60515826  .00000088  00000+0  00000+0 0  9994
2 27438   7.0174  68.4561 0003828 156.9460 226.5961  1.00270916 52449
GALAXY 3C (G-3C)        
1 27445U 02030A   26275.58568763 -.00000159  00000+0  00000+0 0  9991
2 27445   4.0138  76.6246 0001167  62.1592 348.5505  1.00271196 47571
INTELSAT 906 (IS-906)   
1 27513U 02041A   26275.84434897  .00000006  00000+0  00000+0 0  9998
2 27513   6.0698  71.5465 0003523 141.4949 166.6647  1.00273523 88108
NIMIQ 2                 
1 27632U 02062A   26275.87191920 -.00000075  00000+0  00000+0 0  9990
2 27632   9.6912  55.7240 0005871 136.3212  24.2721  1.00272386 45265
USA 167                 
1 27691U 03008A   26275.48619419  .00000001  00000+0  00000+0 0  9999
2 27691  11.1713  42.4151 0003488 274.0998 107.6852  1.00272171  7850
USA 169 (MILSTAR-2 4)   
1 27711U 03012A   26275.58721913 -.00000200  00000+0  00000+0 0  9993
2 27711  12.4974  28.0905 0095517  11.8674 334.8790  1.00274069 34027
ASIASAT 4               
1 27718U 03014A   26275.58877575 -.00000227  00000+0  00000+0 0  9997
2 27718   4.9726  74.3438 0002729 120.7920 175.6982  1.00272562 46378
HELLAS-SAT 2            
1 27811U 03020A   26275.19558722 -.00000087  00000+0  00000+0 0  9999
2 27811   7.6148  66.5595 0008993 152.6398 212.1914  1.00271317 43926
THURAYA-2               
1 27825U 03026A   26274.97557440  .00000122  00000+0  00000+0 0  9990
2 27825   9.0040  31.4386 0000129 145.1507 229.3412  1.00271925 85428
OPTUS C1                
1 27831U 03028B   26275.53252194 -.00000156  00000+0  00000+0 0  9998
2 27831   7.1524  68.0609 0005635 126.2549 164.4037  1.00270201 54130
USA 170                 
1 27875U 03040A   26275.76524683  .00000121  00000+0  00000+0 0  9991
2 27875  10.7249  46.8971 0002372 183.5632  80.6957  1.00275813 34077
GALAXY 13 (HORIZONS-1)  
1 27954U 03044A   26275.60986470  .00000126  00000+0  00000+0 0  9997
2 27954   1.6902  82.3178 0002234 130.1276 228.4438  1.00270870 47644
YAMAL 202               
1 28089U 03053A   26275.78325881 -.00000086  00000+0  00000+0 0  9995
2 28089   6.6070  69.5843 0004886 130.9227 256.5604  1.00272481 83782
UFO 11 (USA 174)        
1 28117U 03057A   26275.88441009 -.00000108  00000+0  00000+0 0  9998
2 28117   9.0561  33.2470 0003962 169.2955 202.8297  1.00271392 83532
USA 176 (DSP 22)        
1 28158U 04004A   26275.44418338  .00000025  00000+0  00000+0 0  9994
2 28158  12.2042  25.2569 0004292 280.3360  85.7025  0.98999333 34013
ABS-4 (MOBISAT-1)       
1 28184U 04007A   26275.84434897  .00000032  00000+0  00000+0 0  9996
2 28184   6.3076  70.6480 0005228 124.7987 181.0877  1.00271846 53411
INTELSAT 10-02          
1 28358U 04022A   26275.19530944 -.00000017  00000+0  00000+0 0  9998
2 28358   0.0181 243.9436 0000624  48.9410 147.3642  1.00267185 81621
ANIK F2                 
1 28378U 04027A   26275.87148588 -.00000057  00000+0  00000+0 0  9993
2 28378   3.5578  78.0160 0003112 103.9854  32.2434  1.00271279 42347
AMC-15                  
1 28446U 04041A   26275.87261255 -.00000097  00000+0  00000+0 0  9996
2 28446   0.0425  32.7878 0002060 177.2856  10.6175  1.00270838 80384
NSS-10                  
1 28526U 05003A   26275.81480561 -.00000257  00000+0  00000+0 0  9999
2 28526   6.7139  69.1021 0003490 126.2489  72.0908  1.00271463 54232
INMARSAT 4-F1           
1 28628U 05009A   26274.66217113  .00000031  00000+0  00000+0 0  9990
2 28628   5.3167  42.8144 0003157 166.0035 218.0970  1.00272560 78746
DIRECTV 8               
1 28659U 05019A   26275.59738351 -.00000006  00000+0  00000+0 0  9993
2 28659   0.0162 148.2507 0003041  44.9570 274.1392  1.00271287 78152
GALAXY 28 (G-28)        
1 28702U 05022A   26275.27128188 -.00000205  00000+0  00000+0 0  9993
2 28702   3.5681  77.5341 0001751 109.5748 254.4762  1.00271048 53055
THAICOM 4               
1 28786U 05028A   26275.41814903 -.00000369  00000+0  00000+0 0  9995
2 28786   0.5154  84.1900 0000478 162.3520  34.6497  1.00271707 53329
ANIK F1R                
1 28868U 05036A   26275.59022493 -.00000081  00000+0  00000+0 0  9990
2 28868   4.5816  75.1775 0002163  88.5431 312.7996  1.00271768 47539
SYRACUSE 3A             
1 28885U 05041B   26254.51939881  .00000114  00000+0  00000+0 0  9998
2 28885   4.8548  74.7263 0002457 106.5771  42.9291  1.00275934 76614
INMARSAT 4-F2           
1 28899U 05044A   26275.70803181 -.00000266  00000+0  00000+0 0  9992
2 28899   5.2352  43.7206 0002868 162.5473 203.5703  1.00271106 76606
METEOSAT-9 (MSG-2)      
1 28912U 05049B   26274.97592108  .00000122  00000+0  00000+0 0  9995
2 28912   9.5995  53.0805 0001332   6.1823 348.4810  1.00269885  8062
EUTELSAT 174A           
1 28924U 05052A   26275.53967117  .00000003  00000+0  00000+0 0  9999
2 28924   4.4845  75.1302 0006192 118.2622 186.1560  1.00270906 53404
ECHOSTAR 10             
1 28935U 06003A   26275.87157255 -.00000064  00000+0  00000+0 0  9997
2 28935   0.0434  24.1265 0001627 142.8666  48.1700  1.00271175 75544
SPAINSAT                
1 28945U 06007A   26275.05384835 -.00000221  00000+0  00000+0 0  9993
2 28945   0.8325  84.5536 0005152 116.4341 159.0149  1.00271682 75280
JCSAT-5A                
1 29045U 06010A   26275.84834578 -.00000336  00000+0  00000+0 0  9997
2 29045   1.3794  82.7288 0001226  75.9141 290.3941  1.00268753 74853
ASTRA 1KR               
1 29055U 06012A   26275.54076442  .00000112  00000+0  00000+0 0  9996
2 29055   0.7444  82.4251 0003648 113.8120  28.7224  1.00269337 46771
GALAXY 16 (G-16)        
1 29236U 06023A   26275.58975053 -.00000134  00000+0  00000+0 0  9994
2 29236   0.0117 181.4662 0002745  11.6852 291.4958  1.00271090 74056
EUTELSAT 33F            
1 29270U 06032A   26275.75751868  .00000148  00000+0  00000+0 0  9991
2 29270   1.9327  80.8575 0003444 112.2416 124.1962  1.00269908 48382
JCSAT-3A                
1 29272U 06033A   26275.88193251 -.00000353  00000+0  00000+0 0  9993
2 29272   0.0243 271.1231 0002441 293.4055 252.5771  1.00269600 48824
KOREASAT 5 (MUGUNGWHA 5)
1 29349U 06034A   26275.86460458 -.00000366  00000+0  00000+0 0  9997
2 29349   2.0553  81.4463 0002170 166.0221 188.4536  1.00272394 42399
DIRECTV 9S              
1 29494U 06043A   26275.84912578 -.00000289  00000+0  00000+0 0  9995
2 29494   2.6937  79.4737 0008115 193.7372 180.2226  0.99096548 52469
OPTUS D1                
1 29495U 06043B   26275.85224579 -.00000190  00000+0  00000+0 0  9995
2 29495   3.3052  78.2260 0003767 112.6499 279.5013  1.00273002 73208
BADR-4                  
1 29526U 06051A   26275.75777868  .00000148  00000+0  00000+0 0  9994
2 29526   2.2756  79.7797 0004983 115.8722 123.1354  1.00272590 52343
WILDBLUE-1              
1 29643U 06054A   26275.74477862 -.00000255  00000+0  00000+0 0  9997
2 29643   3.0751  79.0515 0004919 110.2727  59.2908  0.99178065 54863
SKYNET 5A               
1 30794U 07007B   26275.82345976 -.00000278  00000+0  00000+0 0  9999
2 30794   5.5684  72.3736 0003505 128.8869 201.9633  1.00271352 71773
ANIK F3                 
1 31102U 07009A   26275.59738317 -.00000008  00000+0  00000+0 0  9995
2 31102   1.4685  82.3538 0002834 118.7444 266.6156  1.00272746 47640
ASTRA 1L                
1 31306U 07016A   26275.74607865 -.00000192  00000+0  00000+0 0  9993
2 31306   1.5925  80.4434 0004859 115.5907  59.5333  1.00272155 46061
GALAXY 17 (G-17)        
1 31307U 07016B   26275.52022433 -.00000212  00000+0  00000+0 0  9995
2 31307   3.2362  78.4557 0004434 147.1145 247.9890  1.00271012 70882
INTELSAT 11 (IS-11)     
1 32253U 07044B   26275.75335867 -.00000111  00000+0  00000+0 0  9998
2 32253   3.8387  77.2708 0008389 139.4515  78.4377  0.99050517 69516
WGS F1 (USA 195)        
1 32258U 07046A   26275.81376560 -.00000275  00000+0  00000+0 0  9998
2 32258   0.0414  92.7386 0000833 152.6977  16.5476  1.00271397 53419
SKYNET 5B               
1 32294U 07056B   26275.84410943  .00000133  00000+0  00000+0 0  9998
2 32294   5.5186  72.1591 0003713 122.5800 145.7900  1.00272261 69275
ASTRA 4A                
1 32299U 07057A   26275.82312565  .00000024  00000+0  00000+0 0  9992
2 32299   0.0433  51.2205 0002690 153.7422 107.7314  1.00270301 52726
HORIZONS-2              
1 32388U 07063B   26275.52247767 -.00000259  00000+0  00000+0 0  9997
2 32388   2.8718  79.1984 0002042 139.5505 266.8304  1.00270370 68896
THURAYA-3               
1 32404U 08001A   26275.84434897  .00000003  00000+0  00000+0 0  9992
2 32404   6.1711  35.8260 0003002 195.6006 147.8305  1.00269968 68561
THOR 5                  
1 32487U 08006A   26275.82208565 -.00000017  00000+0  00000+0 0  9993
2 32487   0.0126 216.9295 0002537 347.5097 102.3163  1.00270910 68393
AMC-14                  
1 32708U 08011A   26275.57464222 -.00000354  00000+0  00000+0 0  9995
2 32708  24.1328  19.2215 0034914   0.0997 321.7491  1.00430873 69242
DIRECTV 11              
1 32729U 08013A   26275.59044366 -.00000133  00000+0  00000+0 0  9990
2 32729   0.0407  17.5031 0000131 216.7925 250.4088  1.00271537 46676
ICO G1                  
1 32763U 08016A   26275.58460941 -.00000177  00000+0  00000+0 0  9999
2 32763   5.5424  35.7847 0002585 134.4574 318.6890  1.00272821 67624
VINASAT-1               
1 32767U 08018A   26275.84834578 -.00000336  00000+0  00000+0 0  9992
2 32767   0.0119 138.8906 0002077  80.8453 229.2004  1.00272366 67668
STAR ONE C2             
1 32768U 08018B   26275.80934559 -.00000284  00000+0  00000+0 0  9991
2 32768   1.5085  81.1940 0002565 123.1354  33.6043  1.00270946 67738
AMOS-3                  
1 32794U 08022A   26275.88421028 -.00000125  00000+0  00000+0 0  9999
2 32794   0.7260  84.3572 0001522  82.8801 240.7130  1.00270933 83416
GALAXY 18 (G-18)        
1 32951U 08024A   26275.43805045  .00000019  00000+0  00000+0 0  9993
2 32951   0.0171 177.3540 0003135  25.5006 203.0142  1.00271405 46921
ZHONGXING-9             
1 33051U 08028A   26275.85649278 -.00000257  00000+0  00000+0 0  9994
2 33051   1.0354  83.6757 0008025 146.9492 181.7174  1.00270949 67119
SKYNET 5C               
1 33055U 08030A   26274.67834972 -.00000142  00000+0  00000+0 0  9990
2 33055   4.0549  75.6912 0005347 128.7126  32.4459  1.00270698 67021
TURKSAT 3A              
1 33056U 08030B   26275.21294689  .00000140  00000+0  00000+0 0  9994
2 33056   0.0529  74.6187 0004084 110.8082 304.2076  1.00274397 53434
ECHOSTAR 11             
1 33207U 08035A   26275.87174588 -.00000066  00000+0  00000+0 0  9992
2 33207   1.2767  82.6914 0002467 112.0915  20.8543  1.00271246 52291
SUPERBIRD-C2            
1 33274U 08038A   26275.84912578 -.00000313  00000+0  00000+0 0  9990
2 33274   2.6320  79.8080 0005296  82.4161 291.0646  1.00272582106811
INMARSAT 4-F3           
1 33278U 08039A   26275.58990325 -.00000146  00000+0  00000+0 0  9996
2 33278   4.3981  31.8037 0003120 177.0793 276.8195  1.00271830 47621
NIMIQ 4                 
1 33373U 08044A   26275.52083100 -.00000227  00000+0  00000+0 0  9996
2 33373   0.0630  84.3210 0001936 117.4973 274.9555  1.00271473 66069
GALAXY 19 (G-19)        
1 33376U 08045A   26275.58905286 -.00000147  00000+0  00000+0 0  9995
2 33376   0.0176 231.9192 0002571 319.8129 294.6647  1.00271790 65986
ASTRA 1M                
1 33436U 08057A   26275.32714955  .00000115  00000+0  00000+0 0  9992
2 33436   0.5659  82.3894 0003693 113.2940 312.5548  1.00273045 46810
EUTELSAT HOTBIRD 13C    
1 33459U 08065A   26275.81229227 -.00000290  00000+0  00000+0 0  9998
2 33459   3.2206  77.8145 0003903 123.8647  52.0121  1.00271406 48427
EXPRESS-AM44            
1 33595U 09007A   26275.82000564 -.00000096  00000+0  00000+0 0  9992
2 33595   3.7321  76.9904 0003607 119.3134  99.4678  1.00271616 53360
NSS-9                   
1 33749U 09008A   26275.85848581  .00000064  00000+0  00000+0 0  9990
2 33749   1.5328  81.3492 0002144 111.5731 310.8138  1.00273261 64606
TELSTAR 11N             
1 34111U 09009A   26275.81480561 -.00000259  00000+0  00000+0 0  9998
2 34111   0.0322  90.1975 0002697 110.1412  66.9904  1.00270459 47322
WGS F2 (USA 204)        
1 34713U 09017A   26275.54847778  .00000000  00000+0  00000+0 0  9995
2 34713   0.0145 178.0596 0000421  42.3104  45.8639  1.00271069 46693
SES-7 (PROTOSTAR 2)     
1 34941U 09027A   26275.55729561 -.00000352  00000+0  00000+0 0  9990
2 34941   0.0462  65.1581 0001742 184.2934  70.7284  1.00271307 63701
MEASAT-3A               
1 35362U 09032A   26275.75276491 -.00000118  00000+0  00000+0 0  9995
2 35362   0.0423   3.5428 0002985 191.3367 247.6338  1.00271509  9104
EWS-G3 (GOES 14)        
1 35491U 09033A   26275.88172161 -.00000006  00000+0  00000+0 0  9998
2 35491   1.9614  81.4958 0002302 116.7584 200.8362  1.00070008  7665
FM-5                    
1 35493U 09034A   26275.52005100 -.00000207  00000+0  00000+0 0  9993
2 35493   0.0230 255.4329 0000034 248.7257 328.1752  1.00271948 47723
TERRESTAR-1             
1 35496U 09035A   26275.87148588 -.00000063  00000+0  00000+0 0  9993
2 35496   5.2477  48.6376 0001754 116.2266  49.4734  1.00272329 63218
ASIASAT 5               
1 35696U 09042A   26275.87127053 -.00000316  00000+0  00000+0 0  9998
2 35696   0.0402  96.2680 0001750  82.8309 246.6819  1.00271798 62796
JCSAT-12 (JCSAT-RA)     
1 35755U 09044A   26275.84834578 -.00000336  00000+0  00000+0 0  9992
2 35755   0.0157 143.2531 0001901  89.0697 216.7144  1.00272182 62689
OPTUS D3                
1 35756U 09044B   26275.85311247 -.00000155  00000+0  00000+0 0  9996
2 35756   0.7736 267.8402 0004336 288.7067 278.3161  1.00271511 62648
NIMIQ 5                 
1 35873U 09050A   26275.40935661 -.00000263  00000+0  00000+0 0  9996
2 35873   0.0331  89.6767 0002954 108.6725 247.4709  1.00270275 62417
AMAZONAS 2              
1 35942U 09054A   26275.45158403 -.00000265  00000+0  00000+0 0  9995
2 35942   2.0856  81.5187 0003393 111.0779 269.1869  1.00271641 62269
COMSATBW-1              
1 35943U 09054B   26275.40705566  .00000018  00000+0  00000+0 0  9994
2 35943   0.0137 187.2604 0003322  17.8439  15.6170  1.00268961 62389
NSS-12                  
1 36032U 09058A   26275.47715081  .00000064  00000+0  00000+0 0  9999
2 36032   0.0608  73.9645 0002530  88.4146  77.6197  1.00272509 61993
THOR 6                  
1 36033U 09058B   26275.18059559 -.00000015  00000+0  00000+0 0  9996
2 36033   0.0103 202.0285 0002769  28.3549 204.7070  1.00271742 62074
INTELSAT 14 (IS-14)     
1 36097U 09064A   26275.81333227 -.00000282  00000+0  00000+0 0  9996
2 36097   0.1861  83.6759 0002626 121.1847  54.4914  1.00271620 61688
EUTELSAT 36B            
1 36101U 09065A   26275.76089869  .00000104  00000+0  00000+0 0  9999
2 36101   0.7562  80.9920 0005874 113.6516 141.2631  1.00272149 61784
INTELSAT 15 (IS-15)     
1 36106U 09067A   26275.81424036 -.00000193  00000+0  00000+0 0  9990
2 36106   0.0144 117.3451 0002714  95.7330 176.7460  1.00270811 42300
WGS F3 (USA 211)        
1 36108U 09068A   26275.60388689  .00000014  00000+0  00000+0 0  9994
2 36108   0.3014  84.5106 0000488 165.4452 216.5148  1.00269343 47678
DIRECTV 12              
1 36131U 09075A   26275.13207060 -.00000109  00000+0  00000+0 0  9995
2 36131   0.0368  21.0272 0000248 162.8407 131.8191  1.00271020 47625
BEIDOU-2 G1             
1 36287U 10001A   26275.77875212 -.00000286  00000+0  00000+0 0  9994
2 36287   4.5418  59.9319 0002515 242.5222 129.8908  1.00273114 61258
SDO                     
1 36395U 10005A   26275.47223611 -.00000068  00000+0  00000+0 0  9993
2 36395  34.8745  84.7115 0001797  83.7566 271.1810  1.00273305 61136
INTELSAT 16 (IS-16)     
1 36397U 10006A   26275.75353199  .00000096  00000+0  00000+0 0  9992
2 36397   0.0271 275.4766 0002401 309.7088  70.3901  1.01413636 60730
EWS-G2 (GOES 15)        
1 36411U 10008A   26275.47836414  .00000015  00000+0  00000+0 0  9997
2 36411   1.5672  81.7302 0004867  93.0426  71.9697  1.00272324 60712
ECHOSTAR 14             
1 36499U 10010A   26275.36780777 -.00000006  00000+0  00000+0 0  9995
2 36499   0.0269  92.4116 0002083  94.0622 198.1561  1.00272490 47624
SES-1                   
1 36516U 10016A   26275.59113491 -.00000122  00000+0  00000+0 0  9998
2 36516   0.0368 281.7998 0002643 276.1797 285.1626  1.00271974 60117
ASTRA 3B                
1 36581U 10021A   26275.75266589  .00000130  00000+0  00000+0 0  9999
2 36581   1.7403  82.0558 0003012  82.4034 141.4989  1.00274502 59949
COMSATBW-2              
1 36582U 10021B   26275.75353199  .00000081  00000+0  00000+0 0  9999
2 36582   0.0368 102.7633 0003154 113.8627  79.3432  1.00272492 60030
BEIDOU-2 G3             
1 36590U 10024A   26275.88410288 -.00000142  00000+0  00000+0 0  9997
2 36590   4.7664  60.9238 0003832 354.8402 353.7798  1.00271174 59843
BADR-5                  
1 36592U 10025A   26275.84732426  .00000145  00000+0  00000+0 0  9999
2 36592   0.0491 121.6785 0008473  99.7816 125.6726  1.00267757 54297
ARABSAT-5A              
1 36745U 10032B   26275.84732399  .00000145  00000+0  00000+0 0  9996
2 36745   0.3091  77.7236 0003660 107.2822 162.1060  1.00271338 59723
ECHOSTAR 15             
1 36792U 10034A   26275.59738317 -.00000008  00000+0  00000+0 0  9997
2 36792   0.0343  65.9022 0002502  95.3454 306.3409  1.00271610 59403
BEIDOU-2 IGSO-1         
1 36828U 10036A   26256.66970756 -.00000130  00000+0  00000+0 0  9997
2 36828  54.3037 162.1610 0058541 217.4777 320.7749  1.00289463 58981
NILESAT 201             
1 36830U 10037A   26275.82087230 -.00000066  00000+0  00000+0 0  9994
2 36830   0.0186 154.2577 0005639  35.0027 110.8077  1.00271945 59454
RASCOM-QAF 1R           
1 36831U 10037B   26275.82277897  .00000010  00000+0  00000+0 0  9993
2 36831   0.0259 122.9738 0005246  73.1996 114.4703  1.00272285 59385
AEHF-1 (USA 214)        
1 36868U 10039A   26275.76229007  .00000142  00000+0  00000+0 0  9994
2 36868   8.4891  66.6335 0004110 130.6979 118.5224  1.00272445 54730
XM-5                    
1 37185U 10053A   26275.53399612 -.00000030  00000+0  00000+0 0  9995
2 37185   0.0683 270.0876 0000076 225.3629 312.8769  1.00270575 58551
BSAT-3B                 
1 37207U 10056B   26275.88469515 -.00000359  00000+0  00000+0 0  9995
2 37207   0.0154 203.4687 0004576  13.1148 223.3632  1.00272608 53174
BEIDOU-2 G4             
1 37210U 10057A   26275.61480905 -.00000118  00000+0  00000+0 0  9990
2 37210   3.9076  68.1592 0008979 181.2394 143.2788  1.00272843 58364
SKYTERRA 1              
1 37218U 10061A   26275.59136966 -.00000123  00000+0  00000+0 0  9991
2 37218   5.3520  50.5778 0002745 128.9476 303.3835  1.00268482 58273
HYLAS 1                 
1 37237U 10065A   26272.78864116 -.00000265  00000+0  00000+0 0  9996
2 37237   5.9006  71.6698 0010898 174.7762 181.3270  1.00533546  7939
INTELSAT 17 (IS-17)     
1 37238U 10065B   26275.55021112 -.00000009  00000+0  00000+0 0  9992
2 37238   0.0113 206.0466 0002442 341.0699  88.2362  1.00271287 54329
BEIDOU-2 IGSO-2         
1 37256U 10068A   26274.94431411 -.00000172  00000+0  00000+0 0  9995
2 37256  47.3587 270.4939 0056952 216.5048 327.9958  1.00247000 57869
EUTELSAT KA-SAT 9A      
1 37258U 10069A   26275.82399233  .00000053  00000+0  00000+0 0  9998
2 37258   0.0769 354.8040 0005164 169.4770 152.9312  1.00271619 45080
HISPASAT 30W-5          
1 37264U 10070A   26275.27128188 -.00000222  00000+0  00000+0 0  9994
2 37264   0.0358 117.2080 0005471  66.6467 254.8104  1.00270669 54252
KOREASAT 6              
1 37265U 10070B   26275.73952291 -.00000119  00000+0  00000+0 0  9991
2 37265   0.0177 157.4683 0002733  63.9190 216.1869  1.00271742 57848
BEIDOU-2 IGSO-3         
1 37384U 11013A   26275.87236507 -.00000174  00000+0  00000+0 0  9992
2 37384  62.5664  39.1478 0034803 184.8164 208.6116  1.00286973 56740
INTELSAT 28 (IS-28)     
1 37392U 11016A   26275.45955741 -.00000231  00000+0  00000+0 0  9990
2 37392   2.0762  81.1509 0003721 119.7588 304.0309  1.00271490 54360
YAHSAT 1A               
1 37393U 11016B   26274.19330892  .00000101  00000+0  00000+0 0  9990
2 37393   0.0174 179.2696 0001539   5.8453 306.9178  1.00265669 43479
SBIRS GEO-1 (USA 230)   
1 37481U 11019A   26275.60453008  .00000094  00000+0  00000+0 0  9994
2 37481   4.7712  52.9623 0001751 142.6425  85.1737  1.00272366 56471
GSAT-8                  
1 37605U 11022A   26275.12036200  .00000080  00000+0  00000+0 0  9999
2 37605   2.4002  80.3812 0007339 163.2318 225.6792  1.00271797 54296
ST-2                    
1 37606U 11022B   26275.54226892 -.00000219  00000+0  00000+0 0  9999
2 37606   0.0019 151.2383 0002122  73.4225  69.8259  1.00273690 56353
ZHONGXING-10            
1 37677U 11026A   26275.75413867 -.00000095  00000+0  00000+0 0  9996
2 37677   1.2474  50.5483 0005939 200.9775  47.4797  0.99024538 56066
SES-3                   
1 37748U 11035A   26275.59175394 -.00000109  00000+0  00000+0 0  9993
2 37748   1.5972  81.6808 0002748 132.7054 266.9762  1.00271557 55678
KAZSAT-2                
1 37749U 11035B   26275.54217654 -.00000205  00000+0  00000+0 0  9992
2 37749   0.0415 347.3718 0001377 258.4067  47.2051  1.00272217 54476
BEIDOU-2 IGSO-4         
1 37763U 11038A   26273.75193078 -.00000048  00000+0  00000+0 0  9990
2 37763  54.6015 164.7346 0160690 230.7425 338.5656  1.00264383 55705
ASTRA 1N                
1 37775U 11041A   26275.32706288  .00000112  00000+0  00000+0 0  9996
2 37775   0.1001  43.9363 0004113 117.8838 346.2078  1.00258450 45606
BSAT-3C (JCSAT-110R)    
1 37776U 11041B   26275.77559748 -.00000358  00000+0  00000+0 0  9996
2 37776   0.0473  35.6632 0000379 244.6512 120.3506  1.00268678 51544
SES-2                   
1 37809U 11049A   26275.51987766 -.00000203  00000+0  00000+0 0  9997
2 37809   0.3271  86.6213 0002986 110.0749 274.7218  1.00271611 55049
ARABSAT-5C              
1 37810U 11049B   26275.82615899  .00000115  00000+0  00000+0 0  9999
2 37810   0.0579  12.3284 0003949 189.2084 127.4421  1.00270397 55111
EUTELSAT 7 WEST A       
1 37816U 11051A   26275.39310227 -.00000067  00000+0  00000+0 0  9994
2 37816   0.0697 342.0478 0006562 206.5358 316.7611  1.00270777 54954
QUETZSAT 1              
1 37826U 11054A   26275.45054403 -.00000248  00000+0  00000+0 0  9997
2 37826   0.0369  52.5832 0002888 151.6978 252.1131  1.00270865 50957
INTELSAT 18 (IS-18)     
1 37834U 11056A   26275.54189356  .00000046  00000+0  00000+0 0  9999
2 37834   0.0290 259.2035 0002406 313.9967 173.1671  1.00273586 54887
EUTELSAT 16A            
1 37836U 11057A   26275.82373233  .00000000  00000+0  00000+0 0  9992
2 37836   0.1368  69.5862 0005615 117.3273 128.7865  1.00022562  8412
VIASAT-1                
1 37843U 11059A   26275.62001214 -.00000031  00000+0  00000+0 0  9992
2 37843   0.0187 213.0986 0002284 342.0494 284.3112  1.00272036 48402
ASIASAT 7               
1 37933U 11069A   26275.86017014 -.00000342  00000+0  00000+0 0  9999
2 37933   0.0506  78.4100 0001586  93.2990 255.0451  1.00273678 45937
BEIDOU-2 IGSO-5         
1 37948U 11073A   26275.87592985 -.00000134  00000+0  00000+0 0  9995
2 37948  47.4897 270.1981 0116314 224.3445 288.3052  1.00273327 54215
LUCH-5A                 
1 37951U 11074B   26275.72019675 -.00000053  00000+0  00000+0 0  9994
2 37951   9.0207  72.2024 0004608 139.9961 225.5954  1.00274174 54139
NIGCOMSAT 1R            
1 38014U 11077A   26275.54553110  .00000138  00000+0  00000+0 0  9998
2 38014   0.0147 196.4680 0003089 127.4871 286.2101  1.00269878 54037
WGS F4 (USA 233)        
1 38070U 12003A   26275.41208234 -.00000221  00000+0  00000+0 0  9994
2 38070   0.0188 179.7679 0000460  89.1095 339.0504  1.00270819 45220
SES-4                   
1 38087U 12007A   26275.67527167 -.00000175  00000+0  00000+0 0  9991
2 38087   0.0120 314.6809 0002451 231.0753  46.7687  1.00272756 53304
BEIDOU-2 G5             
1 38091U 12008A   26275.54873778  .00000051  00000+0  00000+0 0  9997
2 38091   3.8350  68.8945 0007644 233.3544 325.2682  1.00273648 53442
MUOS-1                  
1 38093U 12009A   26275.87339256 -.00000134  00000+0  00000+0 0  9997
2 38093   5.6946  46.9487 0051702   2.9908 176.0718  1.00273744 53529
INTELSAT 22 (IS-22)     
1 38098U 12011A   26275.84247918 -.00000067  00000+0  00000+0 0  9990
2 38098   0.0193 236.6940 0001572 305.0983 205.1854  1.00270948  8268
APSTAR-7                
1 38107U 12013A   26275.84269380 -.00000110  00000+0  00000+0 0  9999
2 38107   0.0126 211.6794 0002784 348.8510 190.9009  1.00270492 52897
YAHSAT 1B               
1 38245U 12016A   26275.68905171  .00000119  00000+0  00000+0 0  9990
2 38245   0.1073  86.7611 0001571 129.0807  91.2562  1.00269478 46681
AEHF-2 (USA 235)        
1 38254U 12019A   26275.74763865 -.00000141  00000+0  00000+0 0  9998
2 38254   6.8948  56.6240 0002755 149.5470  57.9429  1.00270375  8066
JCSAT-13                
1 38331U 12023A   26275.56699127 -.00000363  00000+0  00000+0 0  9994
2 38331   0.0296  90.4706 0002407 110.2346 138.7118  1.00268722 52625
VINASAT-2               
1 38332U 12023B   26275.60387368 -.00000336  00000+0  00000+0 0  9991
2 38332   0.0095 255.9948 0002087 301.0874 163.4979  1.00269574 47731
NIMIQ 6                 
1 38342U 12026A   26275.51909764 -.00000181  00000+0  00000+0 0  9993
2 38342   0.0356  70.5319 0003010 128.1414 268.3637  1.00271078 51508
ZHONGXING-2A            
1 38352U 12028A   26275.86853902 -.00000301  00000+0  00000+0 0  9990
2 38352   1.7248  82.3104 0002084 175.9628 164.2682  1.00271917 52379
INTELSAT 19 (IS-19)     
1 38356U 12030A   26275.55547949  .00000000  00000+0  00000+0 0  9999
2 38356   0.0131 174.4559 0003116  24.0043 178.7922  1.00270633 51522
ECHOSTAR 17             
1 38551U 12035A   26275.59037737 -.00000083  00000+0  00000+0 0  9996
2 38551   0.0163 154.5965 0002074  39.6652 282.5066  1.00270677 52144
METEOSAT-10 (MSG-3)     
1 38552U 12035B   26275.18076892 -.00000010  00000+0  00000+0 0  9997
2 38552   4.9206  60.4069 0001055 146.5228 229.1821  1.00273728 51933
SES-5                   
1 38652U 12036A   26275.32428954  .00000000  00000+0  00000+0 0  9993
2 38652   0.0156   1.4780 0002001 197.3708 293.9161  1.00267736 45536
INTELSAT 20 (IS-20)     
1 38740U 12043A   26274.98042777 -.00000029  00000+0  00000+0 0  9997
2 38740   0.0180 119.5602 0001428  55.1341 257.4795  1.00270462 51817
HYLAS 2                 
1 38741U 12043B   26275.74997866 -.00000003  00000+0  00000+0 0  9993
2 38741   2.6967  79.6186 0004867 166.3600  30.6129  1.00521534 51850
INTELSAT 21 (IS-21)     
1 38749U 12045A   26275.81073227 -.00000293  00000+0  00000+0 0  9998
2 38749   0.0131 244.5563 0002213 311.9872  48.8715  1.00271597 51603
ASTRA 2F                
1 38778U 12051A   26275.23100447  .00000145  00000+0  00000+0 0  9993
2 38778   0.0672 256.9033 0004612 318.3853 267.0745  1.00274901 42216
GSAT-10                 
1 38779U 12051B   26275.12590869  .00000000  00000+0  00000+0 0  9993
2 38779   0.0158 172.7535 0004162 310.5424  15.9124  1.00269348 51171
INTELSAT 23 (IS-23)     
1 38867U 12057A   26275.81168559 -.00000293  00000+0  00000+0 0  9995
2 38867   0.0140 254.9130 0002027 354.1201   1.7235  1.00272826 51035
BEIDOU-2 G6             
1 38953U 12059A   26275.84355436 -.00000183  00000+0  00000+0 0  9996
2 38953   4.6876  72.2824 0006488 318.8574   8.1486  1.00273550 50980
LUCH-5B                 
1 38977U 12061A   26273.68064030 -.00000135  00000+0  00000+0 0  9999
2 38977  10.7068  48.8033 0006721 170.7611  18.6021  1.00271834 50664
YAMAL 300K              
1 38978U 12061B   26275.64186105  .00000063  00000+0  00000+0 0  9995
2 38978   0.0117 217.3877 0000351  83.9375 124.0719  1.00264768 50705
STAR ONE C3             
1 38991U 12062A   26275.52221767 -.00000256  00000+0  00000+0 0  9997
2 38991   0.0541  77.6590 0002099 119.4455 287.1712  1.00270372 50842
EUTELSAT 21B            
1 38992U 12062B   26275.75517867  .00000122  00000+0  00000+0 0  9993
2 38992   0.0697   4.0348 0002895 181.1264 119.7811  1.00272688 50907
ECHOSTAR 16             
1 39008U 12065A   26275.24269322  .00000000  00000+0  00000+0 0  9994
2 39008   0.0191 176.5747 0001972  12.4101 207.8517  1.00268162 50717
ZHONGXING-12            
1 39017U 12067A   26275.64991157 -.00000214  00000+0  00000+0 0  9996
2 39017   0.0027 203.3814 0002816 353.3472 136.1126  1.00269436 50585
EUTELSAT 70B            
1 39020U 12069A   26275.84086537 -.00000052  00000+0  00000+0 0  9991
2 39020   0.0653 356.0161 0003727 195.3750 193.3968  1.00271159 50584
YAMAL 402               
1 39022U 12070A   26275.76185204  .00000078  00000+0  00000+0 0  9994
2 39022   1.5347  82.6018 0003659 110.9126 147.1552  1.00270182 50478
SKYNET 5D               
1 39034U 12075A   26275.17266949  .00000093  00000+0  00000+0 0  9990
2 39034   0.0779 341.6233 0004421 224.6385 279.5952  1.00274593 50237
MEXSAT 3                
1 39035U 12075B   26275.52979959 -.00000034  00000+0  00000+0 0  9998
2 39035   0.0176 169.1720 0002121  70.7345 207.3363  1.00277118  8126
TDRS 11                 
1 39070U 13004A   26275.57387122  .00000074  00000+0  00000+0 0  9993
2 39070   3.6859  32.8152 0002767  38.1803 332.5154  1.00274577 47779
AMAZONAS 3              
1 39078U 13006A   26275.13308722 -.00000287  00000+0  00000+0 0  9991
2 39078   0.0290 223.2624 0005496 343.5617 150.9316  1.00265951 45995
AZERSPACE 1             
1 39079U 13006B   26275.76003204  .00000000  00000+0  00000+0 0  9990
2 39079   0.0162 162.4951 0002277  67.9989 100.6099  1.00274378 49889
SBIRS GEO-2 (USA 241)   
1 39120U 13011A   26275.58882530 -.00000151  00000+0  00000+0 0  9998
2 39120   4.7200  52.4263 0002462 147.2323 286.8473  1.00271773 49614
EUTELSAT 117 WEST A     
1 39122U 13012A   26275.59669292 -.00000020  00000+0  00000+0 0  9995
2 39122   0.0417  39.5476 0002789 154.4678 275.3296  1.00268202 49510
ANIK G1                 
1 39127U 13014A   26275.59037730 -.00000081  00000+0  00000+0 0  9995
2 39127   0.0365  85.8192 0003251 122.7217 268.0223  1.00271403 49334
ZHONGXING-11            
1 39157U 13020A   26275.86505122 -.00000299  00000+0  00000+0 0  9991
2 39157   0.0063 344.2385 0000655 181.1669 255.5237  1.00270841 48973
EUTELSAT 7B             
1 39163U 13022A   26275.75413867  .00000096  00000+0  00000+0 0  9996
2 39163   0.0681   6.7973 0003070 107.7622 184.4141  1.00272201 49029
WGS F5 (USA 243)        
1 39168U 13024A   26275.81185895  .00000000  00000+0  00000+0 0  9992
2 39168   0.0173 186.8835 0000564  29.2136  35.2175  1.00269032 48252
SES-6                   
1 39172U 13026A   26275.38651557 -.00000267  00000+0  00000+0 0  9990
2 39172   0.0126  47.3553 0002142 155.0232 267.4002  1.00278423 48805
IRNSS-1A                
1 39199U 13034A   26274.47906318  .00000078  00000+0  00000+0 0  9994
2 39199  35.9548  62.3510 0021227 181.6443 353.8436  1.00269028 48434
MUOS-2                  
1 39206U 13036A   26275.59308856 -.00000016  00000+0  00000+0 0  9995
2 39206   5.2087  45.5478 0057864 178.8623 172.4993  1.00275168 48267
ALPHASAT                
1 39215U 13038A   26275.84437138  .00000128  00000+0  00000+0 0  9994
2 39215   3.0055   0.6140 0003839 207.0269 132.7699  1.00270843 45095
INSAT-3D                
1 39216U 13038B   26275.50567921 -.00000345  00000+0  00000+0 0  9994
2 39216   2.1960  81.0490 0002287 136.6026 105.1392  1.00268969 48156
WGS F6 (USA 244)        
1 39222U 13041A   26275.60431247  .00000082  00000+0  00000+0 0  9994
2 39222   0.0180 207.4194 0000564  75.6511 170.6269  1.00270313 47139
ES'HAIL 1               
1 39233U 13044A   26275.84443666  .00000135  00000+0  00000+0 0  9992
2 39233   0.0531   6.1545 0002361 193.0004 141.9042  1.00273272 47704
GSAT-7                  
1 39234U 13044B   26275.88150645 -.00000086  00000+0  00000+0 0  9995
2 39234   0.3514  86.1636 0006264 168.7901 148.0185  1.00270902 46330
AMOS-4                  
1 39237U 13045A   26275.76384537 -.00000001  00000+0  00000+0 0  9992
2 39237   0.0209 138.4022 0001077  57.9033 155.1849  1.00271517 48031
AEHF-3 (USA 246)        
1 39256U 13050A   26275.59999521  .00000023  00000+0  00000+0 0  9998
2 39256   5.5543  66.1355 0092673 189.0264 207.9269  1.00273633 46732
ASTRA 2E                
1 39285U 13056A   26275.84587962  .00000142  00000+0  00000+0 0  9998
2 39285   0.0889 306.2172 0002341 250.9237 147.4759  1.00275182 47490
FM-6                    
1 39360U 13058A   26275.59669289 -.00000025  00000+0  00000+0 0  9990
2 39360   0.0159 240.8085 0000662  18.8640 210.1588  1.00283416 47153
RADUGA-1M 3             
1 39375U 13062A   26275.54405777  .00000148  00000+0  00000+0 0  9991
2 39375   6.2283  70.9667 0001913 285.9124 245.2161  1.00271148 47185
SES-8                   
1 39460U 13071A   26274.34420924 -.00000272  00000+0  00000+0 0  9993
2 39460   0.0319 297.4693 0001664 218.9877  72.5691  1.00275280 45493
INMARSAT 5-F1           
1 39476U 13073A   26275.61030439  .00000020  00000+0  00000+0 0  9991
2 39476   0.0184 217.4588 0001008  41.2445  34.9732  1.00272450 46658
TKSAT-1 (TUPAC KATARI)  
1 39481U 13075A   26275.51987766 -.00000202  00000+0  00000+0 0  9995
2 39481   0.0548  53.8536 0002070 135.3090 282.0687  1.00271608 46686
EXPRESS-AM5             
1 39487U 13077A   26275.42229058 -.00000286  00000+0  00000+0 0  9998
2 39487   0.0223 248.9554 0001884 249.6144 164.6511  1.00271688 47433
GSAT-14                 
1 39498U 14001A   26275.88152237 -.00000086  00000+0  00000+0 0  9990
2 39498   0.0310  94.3933 0006200 134.7585 173.8279  1.00271075 46450
THAICOM 6               
1 39500U 14002A   26274.58018937 -.00000124  00000+0  00000+0 0  9992
2 39500   0.0537 111.4486 0003291  61.6431 124.6439  1.00270216 46520
TDRS 12                 
1 39504U 14004A   26275.88949211 -.00000277  00000+0  00000+0 0  9999
2 39504   4.0926  20.7169 0006706 223.9269  46.1117  1.00277378 45353
ABS-2                   
1 39508U 14006A   26275.88325792 -.00000095  00000+0  00000+0 0  9995
2 39508   0.0378  81.1150 0003574 116.3621 207.0358  1.00271443 46355
ATHENA-FIDUS            
1 39509U 14006B   26274.83561179  .00000150  00000+0  00000+0 0  9992
2 39509   0.0111 203.8766 0001727  14.2746 131.0700  1.00274040 46150
TURKSAT 4A              
1 39522U 14007A   26275.21294689  .00000141  00000+0  00000+0 0  9990
2 39522   0.0589 290.9454 0004423 320.5792 238.0722  1.00271542 46049
EXPRESS-AT1             
1 39612U 14010A   26275.88421031 -.00000134  00000+0  00000+0 0  9993
2 39612   0.5276  84.1070 0004850  94.3173 229.4595  1.00314222 45894
EXPRESS-AT2             
1 39613U 14010B   26274.91809666  .00000074  00000+0  00000+0 0  9993
2 39613   0.0186 214.9149 0000399 281.4836 260.7815  1.00272901 45563
AMAZONAS 4A             
1 39616U 14011A   26275.52247767 -.00000259  00000+0  00000+0 0  9999
2 39616   0.0545 199.6331 0006601 358.9933 286.7457  1.00270883 45799
ASTRA 5B                
1 39617U 14011B   26275.84371537  .00000129  00000+0  00000+0 0  9993
2 39617   0.0812 302.1955 0003548 271.5247 125.0836  1.00271832 45741
IRNSS-1B                
1 39635U 14017A   26274.47888985  .00000108  00000+0  00000+0 0  9994
2 39635  28.7451 238.5781 0019588 191.5696 167.5751  1.00275866 45856
LUCH-5V                 
1 39727U 14023A   26275.85703098 -.00000276  00000+0  00000+0 0  9994
2 39727   5.3960  68.5533 0002960 159.3481 186.9793  1.00273200 45435
KAZSAT-3                
1 39728U 14023B   26274.10059635  .00000059  00000+0  00000+0 0  9991
2 39728   0.0154 248.1111 0000292 292.5437 283.9386  1.00272154 43529
EUTELSAT 3B             
1 39773U 14030A   26275.82286565  .00000011  00000+0  00000+0 0  9991
2 39773   0.0646 357.4585 0004334 194.6557 118.7776  1.00270203 45141
ASIASAT 8 (AMOS-7)      
1 40107U 14046A   26275.87107426 -.00000342  00000+0  00000+0 0  9992
2 40107   0.0480  77.9349 0001802 127.3277 225.2444  1.00272059103222
ASIASAT 6               
1 40141U 14052A   26275.56460910 -.00000369  00000+0  00000+0 0  9992
2 40141   0.0333  77.4976 0000874 113.8378 143.1339  1.00269563 44151
OPTUS 10                
1 40146U 14054A   26275.14489391 -.00000152  00000+0  00000+0 0  9997
2 40146   0.1072  36.5166 0002137 153.4744  29.0713  1.00271791 44104
MEASAT-3B               
1 40147U 14054B   26275.54512756 -.00000249  00000+0  00000+0 0  9991
2 40147   0.0481  45.6420 0000824  81.7799 171.6082  1.00272530 43997
HIMAWARI-8              
1 40267U 14060A   26275.21225299 -.00000282  00000+0  00000+0 0  9995
2 40267   0.0055 167.8083 0001372  60.6417 359.5410  1.00267586 43831
IRNSS-1C                
1 40269U 14061A   26275.88388792 -.00000166  00000+0  00000+0 0  9990
2 40269   6.7866  86.8583 0019532  10.6908 315.1517  1.00268009 43767
INTELSAT 30 (IS-30)     
1 40271U 14062A   26274.06478271 -.00000151  00000+0  00000+0 0  9999
2 40271   0.0128 111.5670 0001080 287.1053 259.4305  1.00269785  7859
ARSAT 1                 
1 40272U 14062B   26275.45158403 -.00000266  00000+0  00000+0 0  9993
2 40272   0.0385 282.1852 0001804 275.0467 264.7242  1.00270993 43707
EUTELSAT 53A            
1 40277U 14064A   26275.19125564  .00000093  00000+0  00000+0 0  9990
2 40277   0.0182 216.3068 0002035 337.5956 298.8802  1.00266725 42649
GSAT-16                 
1 40332U 14078A   26275.76185204  .00000076  00000+0  00000+0 0  9998
2 40332   0.0385  87.9680 0004624  35.4401 217.4426  1.00273267 43192
DIRECTV 14              
1 40333U 14078B   26275.59044360  .00000000  00000+0  00000+0 0  9994
2 40333   0.0089 198.0307 0000503 269.4020  17.1976  1.00268802 43129
YAMAL 401               
1 40345U 14082A   26275.54443596 -.00000236  00000+0  00000+0 0  9993
2 40345   0.0121 224.2629 0000788  39.3795  33.5972  1.00271977 42995
ASTRA 2G                
1 40364U 14089A   26275.75479953  .00000142  00000+0  00000+0 0  9995
2 40364   0.0497 359.0869 0001617 104.2286 208.1026  1.00274709 43047
FENGYUN 2G              
1 40367U 14090A   26275.86557318 -.00000307  00000+0  00000+0 0  9998
2 40367   5.9043  71.4541 0004427 186.4265 164.9463  1.00265410 43070
MUOS-3                  
1 40374U 15002A   26275.20114488 -.00000132  00000+0  00000+0 0  9991
2 40374   4.7271  43.8328 0058681 179.6566 204.4300  1.00272514 42660
INMARSAT 5-F2           
1 40384U 15005A   26274.02942153 -.00000286  00000+0  00000+0 0  9992
2 40384   0.0198 156.6973 0001144  26.4279 142.1985  1.00272663 42054
ABS-3A                  
1 40424U 15010A   26275.32264286 -.00000032  00000+0  00000+0 0  9990
2 40424   0.0127 205.8424 0001952 287.1480 351.2096  1.00272999 42458
EUTELSAT 115 WEST B     
1 40425U 15010B   26275.01544125 -.00000030  00000+0  00000+0 0  9998
2 40425   0.0177  45.2299 0000429  53.8775 162.3141  1.00273215 42457
EXPRESS-AM7             
1 40505U 15012A   26274.90355409  .00000146  00000+0  00000+0 0  9998
2 40505   0.0139 244.0540 0003490 318.8990 173.0109  1.00274832 42073
BEIDOU-3S IGSO-1S       
1 40549U 15019A   26275.54979861 -.00000163  00000+0  00000+0 0  9998
2 40549  48.9925 294.1574 0039146 201.7550 169.9234  1.00283642 42158
THOR 7                  
1 40613U 15022A   26275.82208565 -.00000017  00000+0  00000+0 0  9999
2 40613   0.0154 164.7490 0002897  35.5690 106.5297  1.00271181 41894
TURKMENALEM52E/MONACOSAT
1 40617U 15023A   26275.17225282  .00000099  00000+0  00000+0 0  9996
2 40617   0.0168 157.7053 0003111  36.8874 290.3751  1.00268500 41920
DIRECTV 15              
1 40663U 15026A   26274.87529433 -.00000107  00000+0  00000+0 0  9992
2 40663   0.0293  95.8544 0000326 153.6820 333.3202  1.00272825 41532
SKY MEXICO-1            
1 40664U 15026B   26275.45019736 -.00000241  00000+0  00000+0 0  9997
2 40664   0.0190 258.9721 0002248 302.8074 252.6815  1.00271920 41529
METEOSAT-11 (MSG-4)     
1 40732U 15034A   26275.11017061  .00000060  00000+0  00000+0 0  9992
2 40732   3.4641  70.3266 0000483  90.5744 259.0896  1.00278475  8285
STAR ONE C4             
1 40733U 15034B   26275.38070976 -.00000271  00000+0  00000+0 0  9991
2 40733   0.0427  21.5631 0001044 178.8508 237.7807  1.00272254 41086
WGS F7 (USA 263)        
1 40746U 15036A   26275.75495720  .00000010  00000+0  00000+0 0  9996
2 40746   0.0169 185.2407 0000399  80.5278 192.5416  1.00271644 40958
INTELSAT 34 (IS-34)     
1 40874U 15039A   26275.45487738 -.00000292  00000+0  00000+0 0  9991
2 40874   0.0176 293.0698 0000169 327.7642 218.6273  1.00269984 40713
EUTELSAT 8 WEST B       
1 40875U 15039B   26275.39292894 -.00000072  00000+0  00000+0 0  9998
2 40875   0.0674   3.2913 0003601 187.3903 313.8963  1.00271769 40732
GSAT-6                  
1 40880U 15041A   26275.87427671 -.00000168  00000+0  00000+0 0  9999
2 40880   2.1907  81.1053 0002939 112.8460 214.9309  1.00271514 40670
INMARSAT 5-F3           
1 40882U 15042A   26275.71030500  .00000042  00000+0  00000+0 0  9996
2 40882   0.0167 165.0303 0001257 209.6940  72.0061  1.00271622 40642
MUOS-4                  
1 40887U 15044A   26275.88442516 -.00000099  00000+0  00000+0 0  9998
2 40887   4.5330  42.7099 0051924   2.7239 359.5591  1.00271403 40648
TJS-1                   
1 40892U 15046A   26275.85293913 -.00000164  00000+0  00000+0 0  9991
2 40892   0.5943  83.6822 0003017  97.1938 292.7808  1.00270116 40652
EXPRESS-AM8             
1 40895U 15048A   26275.39180226 -.00000118  00000+0  00000+0 0  9996
2 40895   0.0177 223.0555 0000100 334.0885 301.0401  1.00271160 40424
BEIDOU-3S IGSO-2S       
1 40938U 15053A   26275.87348742 -.00000123  00000+0  00000+0 0  9998
2 40938  49.0640 257.4914 0065593 192.4516 332.4246  1.00279394 40437
SKY MUSTER 1 (NBN1A)    
1 40940U 15054A   26275.21225299 -.00000284  00000+0  00000+0 0  9999
2 40940   0.0170 223.4970 0002005 332.3981  31.7166  1.00271181 40335
ARSAT 2                 
1 40941U 15054B   26274.87962767 -.00000229  00000+0  00000+0 0  9998
2 40941   0.0388 277.5957 0002050 278.3129  50.3828  1.00270540 40379
MORELOS 3               
1 40946U 15056A   26275.59545978 -.00000049  00000+0  00000+0 0  9996
2 40946   3.2868  17.6648 0003385 180.5332 274.3932  1.00272091 40360
APSTAR-9                
1 40982U 15059A   26275.75598264 -.00000274  00000+0  00000+0 0  9993
2 40982   0.0382 312.9177 0002921 242.5663 230.1657  1.00270581 40181
TURKSAT 4B              
1 40984U 15060A   26275.19064897  .00000110  00000+0  00000+0 0  9993
2 40984   0.0161 152.0047 0001947  43.0426 294.4794  1.00269674 40170
ZHONGXING-2C            
1 41021U 15063A   26275.88086378 -.00000332  00000+0  00000+0 0  9990
2 41021   0.5437  86.1559 0009954 124.0643 221.9638  1.00270867 40051
GSAT-15                 
1 41028U 15065A   26275.82335229 -.00000266  00000+0  00000+0 0  9991
2 41028   0.0179 113.8826 0002112  78.5205 209.0738  1.00270827 39879
BADR-7 (ARABSAT-6B)     
1 41029U 15065B   26275.84596832  .00000136  00000+0  00000+0 0  9998
2 41029   0.0236 217.2063 0007090  10.2870 114.6280  1.00272744 39847
LAOSAT 1                
1 41034U 15067A   26275.58554795 -.00000350  00000+0  00000+0 0  9998
2 41034   0.0537  37.3859 0001991 101.3141 211.9477  1.00271065 39932
TELSTAR 12V             
1 41036U 15068A   26275.39162892 -.00000125  00000+0  00000+0 0  9993
2 41036   0.0143 243.9243 0002513 319.0619 294.1445  1.00271660 39702
ELEKTRO-L 2             
1 41105U 15074A   26275.74807199 -.00000123  00000+0  00000+0 0  9990
2 41105   6.9574  69.1527 0002535 193.7241   3.3899  1.00270876 39584
COSMOS 2513             
1 41121U 15075A   26274.48102932 -.00000141  00000+0  00000+0 0  9992
2 41121   0.0507 100.2141 0002089 130.0890  33.3640  1.00271137 39612
EXPRESS-AMU1            
1 41191U 15082A   26275.25911594  .00000150  00000+0  00000+0 0  9994
2 41191   0.0170 151.0891 0002675  59.5479 289.7307  1.00271376 39342
GAOFEN-4                
1 41194U 15083A   26275.86017014 -.00000343  00000+0  00000+0 0  9994
2 41194   0.6275  83.0038 0003477 143.3013 200.6554  1.00273288 39600
BELINTERSAT-1           
1 41238U 16001A   26275.19090897  .00000101  00000+0  00000+0 0  9991
2 41238   0.0313 272.3006 0000281 121.1744  97.7062  1.00274829 39318
IRNSS-1E                
1 41241U 16003A   26274.82521639 -.00000293  00000+0  00000+0 0  9992
2 41241  33.4672  58.2110 0021881 181.6460 179.4881  1.00267775 39153
EUTELSAT 9B             
1 41310U 16005A   26275.82399233  .00000053  00000+0  00000+0 0  9998
2 41310   0.0546  59.1384 0003355 166.4908  91.5641  1.00270065 39195
SES-9                   
1 41380U 16013A   26275.49420645 -.00000352  00000+0  00000+0 0  9992
2 41380   0.0062 173.3178 0001427 338.3226 145.8080  1.00271275 38515
EUTELSAT 65 WEST A      
1 41382U 16014A   26275.80934559 -.00000285  00000+0  00000+0 0  9999
2 41382   0.0820 305.5373 0002317 251.0014  41.1843  1.00270927 38608
IRNSS-1F                
1 41384U 16015A   26275.11585531  .00000154  00000+0  00000+0 0  9992
2 41384   5.6124  94.3196 0020715 172.9631 177.7112  1.00266982 38737
BEIDOU-2 IGSO-6         
1 41434U 16021A   26275.82803903 -.00000158  00000+0  00000+0 0  9994
2 41434  60.3824  36.9786 0062352 228.7810 140.5312  1.00277957 38562
IRNSS-1G                
1 41469U 16027A   26275.57266030 -.00000340  00000+0  00000+0 0  9997
2 41469   5.4569  94.9705 0002454  48.0721 203.9657  1.00271689 38250
JCSAT-2B                
1 41471U 16028A   26275.85267911 -.00000174  00000+0  00000+0 0  9996
2 41471   0.0180 164.8357 0001519  40.3835 267.3366  1.00270802 38218
THAICOM 8               
1 41552U 16031A   26275.88421022 -.00000130  00000+0  00000+0 0  9990
2 41552   0.0889  40.9453 0000377 123.3019 244.1963  1.00273061 37790
INTELSAT 31 (IS-31)     
1 41581U 16035A   26275.13266138 -.00000156  00000+0  00000+0 0  9997
2 41581   0.0104 215.5746 0002143  22.1481  85.8641  1.00270316 37758
BEIDOU-2 G7             
1 41586U 16037A   26275.88378806 -.00000361  00000+0  00000+0 0  9990
2 41586   1.9812  69.6584 0004871 348.8166  21.8280  1.00275439  7976
ABS-2A (MONGOLSAT-1)    
1 41588U 16038A   26274.54938551  .00000000  00000+0  00000+0 0  9993
2 41588   0.0171 216.1217 0001505 295.9787 130.7022  1.00269461 37773
EUTELSAT 117 WEST B     
1 41589U 16038B   26275.50564050 -.00000019  00000+0  00000+0 0  9991
2 41589   0.0171  43.1146 0000395  42.1318 351.0149  1.00271405 37736
BRISAT                  
1 41591U 16039A   26274.48169638 -.00000199  00000+0  00000+0 0  9993
2 41591   0.0169 230.3210 0002248 321.2387 142.5882  1.00270951 37679
ECHOSTAR 18             
1 41592U 16039B   26275.52499102  .00000000  00000+0  00000+0 0  9992
2 41592   0.0186 175.1998 0001750  29.4028 294.2970  1.00270262 37706
MUOS-5                  
1 41622U 16041A   26275.87287255 -.00000145  00000+0  00000+0 0  9992
2 41622   1.9845 304.2101 0204661 261.0601  15.5443  1.00269882 38166
TIANTONG-1 1            
1 41725U 16048A   26275.87068969 -.00000324  00000+0  00000+0 0  9991
2 41725   4.0583  44.0968 0001212 102.0502 280.3175  1.00271365 37357
JCSAT-16                
1 41729U 16050A   26275.85068579  .00000000  00000+0  00000+0 0  9993
2 41729   0.0193 174.9654 0001079  40.9463 245.8630  1.00270974 37162
USA 270                 
1 41744U 16052A   26273.80994308 -.00000350  00000+0  00000+0 0  9992
2 41744   4.4619  75.7866 0008426 118.9825 232.3809  1.00261959 29189
USA 271                 
1 41745U 16052B   26273.32362675 -.00000229  00000+0  00000+0 0  9991
2 41745   4.4351  75.8722 0003071 175.8896 214.3709  0.99064640 28976
INTELSAT 36 (IS-36)     
1 41747U 16053A   26274.57453660 -.00000027  00000+0  00000+0 0  9993
2 41747   0.0021 142.7234 0001955 195.9022 307.0211  1.00270238 37028
INSAT-3DR               
1 41752U 16054A   26275.88152241 -.00000085  00000+0  00000+0 0  9990
2 41752   0.0801  87.1589 0012596 177.4985 138.3060  1.00270819 36897
GSAT-18                 
1 41793U 16060A   26273.05703897 -.00000074  00000+0  00000+0 0  9996
2 41793   0.0477  89.2205 0002129  43.7710 330.3198  1.00271047 36587
SKY MUSTER 2 (NBN1B)    
1 41794U 16060B   26274.42541626 -.00000246  00000+0  00000+0 0  9990
2 41794   0.0159 222.7815 0001689 331.2580 114.1030  1.00270705 36589
HIMAWARI-9              
1 41836U 16064A   26272.99142235 -.00000271  00000+0  00000+0 0  9992
2 41836   0.0105  72.2386 0002065 171.6417 262.5744  1.00273774 36266
SHIJIAN-17 (SJ-17)      
1 41838U 16065A   26275.88336537 -.00000029  00000+0  00000+0 0  9997
2 41838   6.0205  71.2502 0001551 100.5277 235.1501  0.99850775 36275
GOES 16                 
1 41866U 16071A   26275.59252093 -.00000098  00000+0  00000+0 0  9993
2 41866   0.6004  84.0237 0002294 147.7828 248.1351  1.00270956 36187
TIANLIAN 1-04           
1 41869U 16072A   26275.64090108  .00000024  00000+0  00000+0 0  9998
2 41869   1.1381  81.8506 0047437  97.9494 239.1371  1.00269849 36373
WGS F8 (USA 272)        
1 41879U 16075A   26275.85189911 -.00000211  00000+0  00000+0 0  9995
2 41879   0.0133 136.3354 0000086 210.6216 121.1132  1.00271768 35905
FENGYUN 4A              
1 41882U 16077A   26275.85461265 -.00000365  00000+0  00000+0 0  9996
2 41882   2.5876  78.8905 0008628 167.5995 195.8659  1.00272453 36013
ECHOSTAR 19             
1 41893U 16079A   26273.16580608 -.00000136  00000+0  00000+0 0  9991
2 41893   0.0131 192.7579 0001698   1.1592 137.6206  1.00270659 35759
JCSAT-110A (JCSAT-15)   
1 41903U 16082A   26273.92333174 -.00000351  00000+0  00000+0 0  9994
2 41903   0.0181 197.2090 0000756  32.9097 222.0431  1.00270319 35819
STAR ONE D1             
1 41904U 16082B   26275.80561890 -.00000219  00000+0  00000+0 0  9995
2 41904   0.0207 116.8614 0002129  71.3757  29.3404  1.00271227 35855
TJS-2                   
1 41911U 17001A   26275.83808538 -.00000014  00000+0  00000+0 0  9994
2 41911   1.1040  83.6022 0002263 166.8120 129.4245  1.00270295 35799
SBIRS GEO-4 (USA 273)   
1 41937U 17004A   26275.81801229 -.00000174  00000+0  00000+0 0  9990
2 41937   2.4539  45.6875 0001912 145.2023  93.9507  1.00271097 35675
HISPASAT 36W-1          
1 41942U 17006A   26274.81722742 -.00000248  00000+0  00000+0 0  9991
2 41942   0.0032  24.3343 0001034 159.9847  84.4582  1.00271224 35319
TELKOM 3S               
1 41944U 17007A   26274.83105464 -.00000366  00000+0  00000+0 0  9993
2 41944   0.0175 176.0995 0002535  30.8590 220.7914  1.00269189 35205
INTELSAT 32E (IS-32E)   
1 41945U 17007B   26275.45730405 -.00000275  00000+0  00000+0 0  9991
2 41945   0.0182 216.1619 0000311 333.1752 303.3164  1.00272054 35303
ECHOSTAR 23             
1 42070U 17014A   26272.92336457  .00000000  00000+0  00000+0 0  9992
2 42070   0.0180 179.6134 0002089  12.4300  39.1504  1.00270784 34978
WGS F9 (USA 275)        
1 42075U 17016A   26275.25322705  .00000000  00000+0  00000+0 0  9999
2 42075   0.0167 215.3278 0000557  92.2533 142.5473  1.00261749 34961
SES-10                  
1 42432U 17017A   26275.50797072 -.00000280  00000+0  00000+0 0  9999
2 42432   0.0034 114.3624 0002783  89.2955 283.5671  1.00271459 34832
CHINASAT 16 (SJ-13)     
1 42662U 17018A   26275.49452937 -.00000359  00000+0  00000+0 0  9998
2 42662   0.0885  87.2738 0007492 144.6914  67.8475  1.00271861 34829
KOREASAT 7              
1 42691U 17023A   26275.85975350 -.00000370  00000+0  00000+0 0  9998
2 42691   0.0207  59.5336 0000883 151.0860 226.3848  1.00273217 34445
SGDC                    
1 42692U 17023B   26275.17759697 -.00000255  00000+0  00000+0 0  9990
2 42692   0.0353  68.5445 0002580 139.6148 151.8493  1.00270820 34474
GSAT-9                  
1 42695U 17024A   26275.86505115 -.00000295  00000+0  00000+0 0  9998
2 42695   0.0704  88.0272 0002677  96.5505 235.7949  1.00270627 34379
INMARSAT 5-F4           
1 42698U 17025A   26273.91542846  .00000000  00000+0  00000+0 0  9991
2 42698   0.0164 177.6291 0000757  49.9212 168.1636  1.00271352 34336
SES-15                  
1 42709U 17026A   26275.60153416  .00000053  00000+0  00000+0 0  9992
2 42709   0.0375 336.3996 0000540 245.1213 237.2095  1.00268476  8511
QZS-2 (MICHIBIKI-2)     
1 42738U 17028A   26275.77701877 -.00000175  00000+0  00000+0 0  9990
2 42738  39.2728 241.5713 0747660 270.6929 279.4483  1.00255960  8705
VIASAT-2                
1 42740U 17029A   26275.45201737 -.00000272  00000+0  00000+0 0  9997
2 42740   0.0176 246.3439 0001376 291.1724 286.4729  1.00274041 34270
EUTELSAT 172B           
1 42741U 17029B   26275.71375183 -.00000013  00000+0  00000+0 0  9997
2 42741   0.0266 136.9056 0000211 150.7422 152.7654  1.00272698 34821
GSAT-19                 
1 42747U 17031A   26272.98051198  .00000128  00000+0  00000+0 0  9995
2 42747   0.0662  88.1088 0002810  50.2021 271.2804  1.00272341 34195
ECHOSTAR 21             
1 42749U 17032A   26275.53911774  .00000059  00000+0  00000+0 0  9990
2 42749   1.7879   2.5617 0002457 192.1507  20.9103  1.00272055 34176
BULGARIASAT-1           
1 42801U 17038A   26275.82260565  .00000003  00000+0  00000+0 0  9991
2 42801   0.0437  92.1536 0002672 102.6735 114.7767  1.00272946 33929
HELLAS-SAT 3            
1 42814U 17040A   26275.25972260  .00000147  00000+0  00000+0 0  9996
2 42814   0.0605  31.3991 0000830  92.1627  19.9429  1.00269007 33887
GSAT-17                 
1 42815U 17040B   26274.41518956 -.00000260  00000+0  00000+0 0  9999
2 42815   0.0500  86.8367 0005299 162.1593   4.1361  1.00271777 33853
INTELSAT 35E (IS-35E)   
1 42818U 17041A   26275.81541228 -.00000246  00000+0  00000+0 0  9990
2 42818   0.0128 124.9750 0002193  76.7011  68.9182  1.00270554 33892
COSMOS 2520             
1 42907U 17046A   26275.21239133  .00000131  00000+0  00000+0 0  9999
2 42907   0.0226 128.2370 0000414 151.4913 212.6895  1.00272047 33473
TDRS 13                 
1 42915U 17047A   26275.82000564 -.00000106  00000+0  00000+0 0  9993
2 42915   3.4923   5.2977 0012561 125.6474 164.3933  1.00271016 33427
QZS-3 (MICHIBIKI-3)     
1 42917U 17048A   26273.00808800 -.00000345  00000+0  00000+0 0  9998
2 42917   0.0617 211.1279 0001984 340.7088 306.7975  1.00271771 33317
AMAZONAS 5              
1 42934U 17053A   26272.38881078 -.00000278  00000+0  00000+0 0  9996
2 42934   0.0466 321.3720 0001989 272.9722 212.7957  1.00256662 33081
ASIASAT 9               
1 42942U 17057A   26275.82188891 -.00000368  00000+0  00000+0 0  9994
2 42942   0.0101 195.1111 0002042 357.7682 236.6724  1.00272194 32955
INTELSAT 37E (IS-37E)   
1 42950U 17059A   26275.81861897 -.00000149  00000+0  00000+0 0  9995
2 42950   0.0179 222.1052 0002913 338.3181  87.8428  1.00271091 33144
BSAT-4A                 
1 42951U 17059B   26275.88469553 -.00000359  00000+0  00000+0 0  9999
2 42951   0.0619  41.4076 0000640  69.1854 329.3439  1.00270074 32878
QZS-4 (MICHIBIKI-4)     
1 42965U 17062A   26275.47509363 -.00000306  00000+0  00000+0 0  9999
2 42965  40.0370 342.1140 0750244 270.0478  70.5050  1.00268605 32872
SES-11 (ECHOSTAR 105)   
1 42967U 17063A   26275.87261255 -.00000098  00000+0  00000+0 0  9999
2 42967   0.0375 294.3391 0002971 253.6168  32.8455  1.00271343 32807
KOREASAT 5A             
1 42984U 17067A   26275.55986064  .00000000  00000+0  00000+0 0  9991
2 42984   0.0117 189.4778 0001529  52.0755  84.4279  1.00267287 32601
ALCOMSAT 1              
1 43039U 17078A   26275.81731896 -.00000194  00000+0  00000+0 0  9990
2 43039   0.0491 316.0483 0001997 252.4992  72.4390  1.00272245 32372
SBIRS GEO-3 (USA 282)   
1 43162U 18009A   26275.61101203  .00000122  00000+0  00000+0 0  9993
2 43162   2.2754  16.8434 0002053 185.1766 229.8966  1.00271893 31926
AL YAH 3                
1 43174U 18012A   26275.74694530 -.00000163  00000+0  00000+0 0  9990
2 43174   1.8229  81.6241 0003648 115.7257  62.9493  1.00271389 31923
SES-14                  
1 43175U 18012B   26275.74157196 -.00000286  00000+0  00000+0 0  9999
2 43175   0.0397  19.5133 0001200 174.9040  36.5294  1.00271146  8101
GOES 17                 
1 43226U 18022A   26275.51935765 -.00000189  00000+0  00000+0 0  9990
2 43226   1.2070  83.8633 0001436 156.2124 228.6408  1.00269602 31500
HISPASAT 30W-6          
1 43228U 18023A   26275.81627896 -.00000224  00000+0  00000+0 0  9999
2 43228   0.0492  30.0135 0002558 138.7294 106.6899  1.00272630 31488
SUPERBIRD-B3            
1 43271U 18033A   26275.85432580 -.00000100  00000+0  00000+0 0  9999
2 43271   0.0244  95.5759 0001170 121.6038 263.9827  1.00271632 31147
HYLAS 4                 
1 43272U 18033B   26274.67522971 -.00000236  00000+0  00000+0 0  9993
2 43272   0.0835 270.1852 0001443 310.5506 359.2825  1.00272340 31134
IRNSS-1I                
1 43286U 18035A   26273.54776890  .00000091  00000+0  00000+0 0  9994
2 43286  28.9989  72.5565 0021223 177.4420  11.6428  1.00269068 31137
USA 283                 
1 43339U 18036A   26272.42746426  .00000000  00000+0  00000+0 0  9992
2 43339   0.0163 203.0759 0000091  72.9988  20.0874  1.00270528 26333
COSMOS 2526             
1 43432U 18037A   26275.88193179 -.00000353  00000+0  00000+0 0  9993
2 43432   0.0035 215.1846 0000464 268.9406 333.0639  1.00271842 31031
APSTAR-6C               
1 43450U 18041A   26275.86054495 -.00000326  00000+0  00000+0 0  9993
2 43450   0.0433   9.3957 0002392 235.1360 210.8825  1.00270640 30893
BANGABANDHUSAT-1        
1 43463U 18044A   26273.80733111 -.00000362  00000+0  00000+0 0  9991
2 43463   0.0144 209.7945 0002946 352.3930 217.1216  1.00270082 30769
SES-12                  
1 43488U 18049A   26275.82407462 -.00000278  00000+0  00000+0 0  9990
2 43488   0.0404  26.9197 0002306 217.5530 158.7567  1.00270405 30499
FENGYUN 2H              
1 43491U 18050A   26275.84290894 -.00000136  00000+0  00000+0 0  9990
2 43491   3.3005  77.6999 0003107 154.9200 161.6936  1.00270138 30516
BEIDOU-2 IGSO-7         
1 43539U 18057A   26274.60375925 -.00000113  00000+0  00000+0 0  9997
2 43539  55.2111 162.1485 0107892 236.2761 301.8560  1.00271349 30195
TELSTAR 19V             
1 43562U 18059A   26275.80969227 -.00000288  00000+0  00000+0 0  9995
2 43562   0.0147 194.4431 0002566   1.5693  44.0047  1.00269396 30225
TELKOM 4 (MERAH PUTIH)  
1 43587U 18064A   26274.60023920 -.00000347  00000+0  00000+0 0  9992
2 43587   0.0179 164.2365 0001741  60.7991 109.4005  1.00269397 29948
TELSTAR 18V             
1 43611U 18069A   26275.56442450 -.00000301  00000+0  00000+0 0  9994
2 43611   0.0151 248.0792 0001999 314.8900 149.5253  1.00269872 29712
AZERSPACE 2 (IS-38)     
1 43632U 18074A   26275.54605110  .00000000  00000+0  00000+0 0  9990
2 43632   0.0183 168.3306 0001441  36.0122  48.6200  1.00270387 29529
HORIZONS-3E             
1 43633U 18074B   26275.39489272 -.00000037  00000+0  00000+0 0  9994
2 43633   0.0156 189.7721 0000893  14.4708 118.0558  1.00269293 29418
AEHF-4 (USA 288)        
1 43651U 18079A   26275.45262404 -.00000281  00000+0  00000+0 0  9993
2 43651   1.4241 359.5825 0068519 358.0862 108.9665  1.00271602 29376
BEIDOU-3 G1             
1 43683U 18085A   26275.86758060 -.00000116  00000+0  00000+0 0  9995
2 43683   2.6593  94.3190 0005179  28.1162   1.5534  1.00270834 29148
GSAT-29                 
1 43698U 18089A   26275.76185204  .00000000  00000+0  00000+0 0  9999
2 43698   0.0165 163.1710 0002529  44.8993 132.6958  1.00271301 28861
ES'HAIL 2               
1 43700U 18090A   26274.20669840  .00000143  00000+0  00000+0 0  9994
2 43700   0.0124 237.4244 0001266 334.5555 258.1863  1.00272059 28744
GEO-KOMPSAT-2A          
1 43823U 18100A   26274.86655153 -.00000348  00000+0  00000+0 0  9994
2 43823   0.0466  25.3242 0001237 108.8306 316.6739  1.00269099 28703
GSAT-11                 
1 43824U 18100B   26275.88152235 -.00000086  00000+0  00000+0 0  9990
2 43824   0.0293 263.2423 0005576 223.5969 276.1140  1.00271287 28557
GSAT-7A                 
1 43864U 18105A   26275.54951778  .00000019  00000+0  00000+0 0  9996
2 43864   0.0737  84.7974 0002475 119.3393  67.7402  1.00271445 28527
COSMOS 2533             
1 43867U 18107A   26275.47966416 -.00000045  00000+0  00000+0 0  9998
2 43867   0.0173 135.5346 0000617  97.9944  20.3769  1.00267442 28524
TJS-3                   
1 43874U 18110A   26274.77321470  .00000017  00000+0  00000+0 0  9995
2 43874   2.8122  79.0873 0003228  30.6222 354.6367  1.00268386 28498
ZHONGXING-2D            
1 43920U 19001A   26275.84799910 -.00000345  00000+0  00000+0 0  9999
2 43920   0.0492  22.6219 0001912 270.6050 153.6519  1.00269520 55151
HELLAS-SAT 4 & SGS-1    
1 44034U 19007A   26273.90667976  .00000152  00000+0  00000+0 0  9998
2 44034   0.0635 130.4355 0005844  30.6028 214.0312  1.00267818 28435
GSAT-31                 
1 44035U 19007B   26275.83170568  .00000117  00000+0  00000+0 0  9990
2 44035   0.0488  80.2049 0005425 158.9757 119.6687  1.00270589 28043
NUSANTARA SATU          
1 44048U 19009A   26273.49900400 -.00000233  00000+0  00000+0 0  9992
2 44048   0.0249 146.3105 0004315  12.7849 175.8225  1.00270431 27828
ZHONGXING-6C            
1 44067U 19012A   26275.84808576 -.00000343  00000+0  00000+0 0  9991
2 44067   0.0671 290.8272 0013077 134.0331  22.4832  1.00272676 27821
WGS 10 (USA 291)        
1 44071U 19014A   26275.77996154  .00000038  00000+0  00000+0 0  9990
2 44071   0.0033 187.0856 0000453  79.1141  86.4102  1.00272487 27690
TIANLIAN 2-01           
1 44076U 19017A   26275.61519204 -.00000114  00000+0  00000+0 0  9994
2 44076   0.8102  82.2741 0003853 140.1849  87.3710  1.00271085 27722
ARABSAT-6A              
1 44186U 19021A   26275.84732431  .00000000  00000+0  00000+0 0  9998
2 44186   0.0203 343.3825 0004233 280.6000  83.1372  1.00271238 27238
BEIDOU-3 IGSO-1         
1 44204U 19023A   26273.73633801 -.00000211  00000+0  00000+0 0  9993
2 44204  58.8455  36.5728 0028087 224.1379 131.8743  1.00260446  8261
BEIDOU-2 G8             
1 44231U 19027A   26275.56956891 -.00000253  00000+0  00000+0 0  9993
2 44231   1.9233  74.1968 0008854 275.9263  10.7419  1.00275037 27150
YAMAL 601               
1 44307U 19031A   26275.19038897  .00000114  00000+0  00000+0 0  9993
2 44307   0.0184 204.0052 0002560 354.8962 289.5828  1.00272700 27006
AT&T T-16               
1 44333U 19034A   26275.44586400 -.00000122  00000+0  00000+0 0  9991
2 44333   0.0157 115.6507 0000238 289.8310  25.3661  1.00271792 26708
EUTELSAT 7C             
1 44334U 19034B   26275.53842441  .00000042  00000+0  00000+0 0  9992
2 44334   0.0668 183.1083 0003343   1.8680  27.1354  1.00274431  7911
BEIDOU-3 IGSO-2         
1 44337U 19035A   26275.56502374 -.00000135  00000+0  00000+0 0  9991
2 44337  55.2494 157.9192 0038781 210.4826 325.8314  1.00266852 26741
COSMOS 2539             
1 44457U 19048A   26275.32567622  .00000075  00000+0  00000+0 0  9991
2 44457   0.0171 134.7500 0000188 266.3938  99.1612  1.00272128 26301
EDRS-C                  
1 44475U 19049A   26275.77918544 -.00000270  00000+0  00000+0 0  9992
2 44475   0.0186 220.4266 0001202 338.2695 235.8233  1.00272016 26287
INTELSAT 39 (IS-39)     
1 44476U 19049B   26275.61030451  .00000026  00000+0  00000+0 0  9996
2 44476   0.0160 229.5317 0000589 230.3747 193.1019  1.00273000 26208
AMOS-17                 
1 44479U 19050A   26274.68519641  .00000107  00000+0  00000+0 0  9990
2 44479   0.0389 337.3555 0002023 221.9514  74.8337  1.00274763 26259
AEHF-5 (USA 292)        
1 44481U 19051A   26275.82697875 -.00000266  00000+0  00000+0 0  9994
2 44481   1.3842 345.2571 0029298   7.3862  49.6489  1.00275358 26340
EUTELSAT 5 WEST B       
1 44624U 19067A   26275.82121897 -.00000050  00000+0  00000+0 0  9997
2 44624   0.0645   2.4422 0003240 193.7278 106.0257  1.00271609 25506
MEV-1                   
1 44625U 19067B   26275.77594102 -.00000154  00000+0  00000+0 0  9990
2 44625   0.7738 267.8398 0004338 288.6346 250.5309  1.00271524 62493
TJS-4                   
1 44637U 19070A   26275.84928618 -.00000178  00000+0  00000+0 0  9994
2 44637   0.0863 287.2071 0004784  21.0490  92.5644  1.00271534 25616
BEIDOU-3 IGSO-3         
1 44709U 19073A   26275.41780057 -.00000163  00000+0  00000+0 0  9997
2 44709  54.6220 279.7279 0046517 198.5748 161.2555  1.00257389 25538
TIBA-1                  
1 44800U 19080A   26273.69095367  .00000156  00000+0  00000+0 0  9999
2 44800   0.0533 353.9142 0002609 208.5357  91.2955  1.00275819 25105
INMARSAT GX5            
1 44801U 19080B   26275.82442566  .00000066  00000+0  00000+0 0  9994
2 44801   0.0553  12.0168 0002112 204.8748 102.4573  1.00271844  7869
JCSAT-18 (KACIFIC 1)    
1 44868U 19091A   26275.41225503 -.00000207  00000+0  00000+0 0  9992
2 44868   0.0447 353.7246 0000503 257.8579  57.9837  1.00270994 25084
ELEKTRO-L 3             
1 44903U 19095A   26275.23655661 -.00000042  00000+0  00000+0 0  9995
2 44903   0.1067  70.0298 0002865  95.1779 306.7480  0.99415141 24784
SHIJIAN-20 (SJ-20)      
1 44910U 19097A   26272.55148483  .00000154  00000+0  00000+0 0  9999
2 44910   5.1799  73.7154 0003308 168.5682   4.8149  1.00269312 24745
TJS-5                   
1 44978U 20002A   26275.86793676 -.00000350  00000+0  00000+0 0  9997
2 44978   0.2637  82.6298 0006587 353.8984 355.0333  1.00269214 24781
GSAT-30                 
1 45026U 20005A   26275.81150529 -.00000173  00000+0  00000+0 0  9997
2 45026   0.0622  86.1803 0001629  82.7656 217.7374  1.00272156 24581
EUTELSAT KONNECT        
1 45027U 20005B   26275.24211427  .00000044  00000+0  00000+0 0  9996
2 45027   0.0679  96.2942 0001811 140.8159 228.2574  1.00268965 25412
JCSAT-17                
1 45245U 20013A   26275.58906521 -.00000322  00000+0  00000+0 0  9990
2 45245   5.4000 357.8644 0004460 195.0427 166.4738  1.00271879 24309
GEO-KOMPSAT-2B          
1 45246U 20013B   26275.43705590 -.00000350  00000+0  00000+0 0  9999
2 45246   0.0422 355.2355 0001812 248.0607  53.4872  1.00272008 24351
BEIDOU-3 G2             
1 45344U 20017A   26275.88410281 -.00000148  00000+0  00000+0 0  9996
2 45344   2.6233  48.6899 0002655 155.5531 205.7062  1.00272343 24331
AEHF-6 (USA 298)        
1 45465U 20022B   26275.56442450 -.00000306  00000+0  00000+0 0  9990
2 45465   2.3284 302.8263 0043569   9.0755  40.3342  1.00273419 24090
BEIDOU-3 G3             
1 45807U 20040A   26275.86017014 -.00000361  00000+0  00000+0 0  9998
2 45807   2.7059  67.3493 0003081 274.9445  89.5141  1.00268966 23155
APSTAR-6D               
1 45863U 20045A   26275.86027830 -.00000326  00000+0  00000+0 0  9993
2 45863   0.0477  94.9779 0002748 356.3495   3.9886  1.00270380 22938
KOREASAT 116            
1 45920U 20048A   26275.80263402  .00000000  00000+0  00000+0 0  9999
2 45920   0.0137 183.9921 0001288  33.0801 199.6217  1.00268904 22717
EXPRESS 103             
1 45985U 20053A   26275.86171668 -.00000289  00000+0  00000+0 0  9994
2 45985   0.0256 255.1465 0000453 177.7432 345.4411  1.00271343 22723
EXPRESS 80              
1 45986U 20053B   26263.15064726 -.00000146  00000+0  00000+0 0  9992
2 45986   0.0271 170.2364 0064633  63.5597 259.7327  1.00286177 22599
BSAT-4B                 
1 46112U 20056A   26275.88469484 -.00000359  00000+0  00000+0 0  9996
2 46112   0.0474 112.7628 0003767  54.0779 273.0990  1.00270608 22461
MEV-2                   
1 46113U 20056B   26275.19530944 -.00000017  00000+0  00000+0 0  9992
2 46113   0.0181 243.9436 0000624  48.9410 147.3642  1.00267185 81642
GALAXY 30 (G-30)        
1 46114U 20056C   26275.72614522  .00000029  00000+0  00000+0 0  9999
2 46114   0.0186 216.3976 0002533 342.4257 309.0494  1.00271101 22373
GAOFEN-13 01            
1 46610U 20071A   26275.83725245 -.00000371  00000+0  00000+0 0  9995
2 46610   0.1768  80.5175 0056264 121.0605 229.8128  1.00274072 21991
TIANTONG-1 2            
1 46916U 20082A   26275.91821985 -.00000364  00000+0  00000+0 0  9995
2 46916   0.6998 345.5909 0001536 265.2842 216.2783  1.00269920 21730
LUCAS (JDRS-1)          
1 47202U 20089A   26275.54512743 -.00000243  00000+0  00000+0 0  9995
2 47202   0.0175 222.4321 0002643 350.8963  84.9879  1.00271742 21490
SXM-7                   
1 47240U 20096A   26273.12475093 -.00000203  00000+0  00000+0 0  9999
2 47240   0.0209 131.0187 0004384 358.5719 199.0698  1.00270796  8493
CMS-01                  
1 47256U 20099A   26275.81150529 -.00000173  00000+0  00000+0 0  9997
2 47256   0.0897  86.3458 0006127 169.8101 130.5331  1.00271403 21272
TURKSAT 5A              
1 47306U 21001A   26275.84732387  .00000146  00000+0  00000+0 0  9997
2 47306   0.0142 115.0140 0000300 135.4834  97.0469  1.00269120 21045
TIANTONG-1 3            
1 47321U 21003A   26275.84917848 -.00000163  00000+0  00000+0 0  9993
2 47321   1.6963 346.2449 0003792 225.3309 187.2361  1.00270701 21044
TJS-6                   
1 47613U 21010A   26275.46283196  .00000036  00000+0  00000+0 0  9993
2 47613   0.0229 143.8116 0003595  56.4793 156.0595  1.00268954 20880
SBIRS GEO-5 (USA 315)   
1 48618U 21042A   26274.81267998 -.00000273  00000+0  00000+0 0  9998
2 48618   4.9793 329.9723 0002145 237.3718 189.5730  1.00270983 19844
FENGYUN 4B              
1 48808U 21047A   26275.87107421 -.00000338  00000+0  00000+0 0  9997
2 48808   0.4190  81.0036 0008228 277.5668  71.3118  1.00269424 19642
SXM-8                   
1 48838U 21049A   26275.31393870 -.00000211  00000+0  00000+0 0  9996
2 48838   0.0423  38.9498 0005293 355.3501   4.6289  1.00270310 19658
TIANLIAN 1-05           
1 49011U 21063A   26275.11273529  .00000103  00000+0  00000+0 0  9991
2 49011   1.8626  79.5716 0004472 152.3857 196.2933  1.00269679 19141
STAR ONE D2             
1 49055U 21069A   26274.81046339  .00000000  00000+0  00000+0 0  9994
2 49055   0.0254 179.6255 0002534   6.1306  46.4723  1.00270457 19025
EUTELSAT QUANTUM        
1 49056U 21069B   26275.76037869  .00000118  00000+0  00000+0 0  9998
2 49056   0.0042 166.6114 0002458  31.9717 134.3469  1.00270076 19007
ZHONGXING-2E            
1 49062U 21071A   26272.56292487 -.00000287  00000+0  00000+0 0  9990
2 49062   0.0543 308.7502 0001434 285.0165  75.2681  1.00269206 19082
TJS-7                   
1 49115U 21077A   26275.61213597 -.00000132  00000+0  00000+0 0  9998
2 49115   0.0871 257.7207 0001781  80.9478 153.6128  1.00271784 10637
CHINASAT 9B             
1 49125U 21080A   26275.87388272 -.00000321  00000+0  00000+0 0  9994
2 49125   0.0095 194.7987 0003446  11.4462 221.3764  1.00270557 18727
SHIJIAN-21 (SJ-21)      
1 49330U 21094A   26275.87207456 -.00000354  00000+0  00000+0 0  9997
2 49330   5.3639  60.4443 0054369 173.7347 219.2645  1.00275598  6447
SES-17                  
1 49332U 21095A   26275.42602611 -.00000279  00000+0  00000+0 0  9999
2 49332   0.0411  22.0315 0001150 182.1154 253.2867  1.00268949 18934
SYRACUSE 4A             
1 49333U 21095B   26274.91229990  .00000131  00000+0  00000+0 0  9994
2 49333   0.0185 224.1620 0001524 319.1637 201.2682  1.00270525 19011
QZS-1R (MICHIBIKI-1R)   
1 49336U 21096A   26275.77944545 -.00000221  00000+0  00000+0 0  9994
2 49336  37.6859  77.9945 0745167 270.1900  78.7632  1.00280596 18086
ZHONGXING-1D            
1 49505U 21114A   26275.84799910 -.00000345  00000+0  00000+0 0  9992
2 49505   0.0476   6.5017 0001918 256.3622 184.1692  1.00269274 17905
STPSAT-6                
1 49817U 21118A   26275.87131255 -.00000053  00000+0  00000+0 0  9993
2 49817   0.5926  83.8666 0001575 198.1103 291.3747  1.00272179 17652
EXPRESS AMU-7           
1 50001U 21123A   26275.55947505 -.00000249  00000+0  00000+0 0  9991
2 50001   0.0198 249.0484 0000158 332.3010 136.3711  1.00271613 17611
EXPRESS AMU-3           
1 50002U 21123B   26275.68222494 -.00000329  00000+0  00000+0 0  9998
2 50002   0.0237 246.9811 0000537 202.1334 270.9125  1.00272847  8108
TIANLIAN 2-02           
1 50005U 21124A   26274.34975384 -.00000016  00000+0  00000+0 0  9990
2 50005   1.0687  84.2506 0004465 159.1328  63.6038  1.00271205 17683
TURKSAT 5B              
1 50212U 21126A   26274.83265413  .00000142  00000+0  00000+0 0  9990
2 50212   0.0769 338.0937 0002508 310.9360  63.3019  1.00271544 17367
INMARSAT 6-F1           
1 50319U 21128A   26275.69624507 -.00000181  00000+0  00000+0 0  9992
2 50319   0.0161 152.9495 0000095 221.3935 331.4737  1.00276362 17331
SHIYAN-12 01 (SY-12 01) 
1 50321U 21129A   26274.69247645  .00000054  00000+0  00000+0 0  9997
2 50321   3.9422  78.3926 0002507 177.4940  57.8717  1.00483291 17566
SHIYAN-12 02 (SY-12 02) 
1 50322U 21129B   26274.77755961 -.00000054  00000+0  00000+0 0  9993
2 50322   3.9407  78.3843 0004142 108.1457 266.5987  1.00439959 17570
TJS-9                   
1 50574U 21135A   26275.76148759 -.00000306  00000+0  00000+0 0  9990
2 50574   0.0589  87.7087 0005593 243.0022  92.1463  1.00272169 17503
GOES 18                 
1 51850U 22021A   26275.51435221  .00000090  00000+0  00000+0 0  9998
2 51850   0.0370  13.9346 0000771 248.3758 157.1101  1.00271913  7668
ZHONGXING-6D            
1 52255U 22038A   26274.62378944 -.00000357  00000+0  00000+0 0  9992
2 52255   0.0413 240.9460 0002941 347.5710 131.4823  1.00270578 16499
NILESAT 301             
1 52817U 22061A   26275.39318894 -.00000065  00000+0  00000+0 0  9991
2 52817   0.0588  15.6291 0001600 195.9052 294.0857  1.00271298 15818
CMS-02 (GSAT-24)        
1 52903U 22067A   26273.34390684 -.00000163  00000+0  00000+0 0  9992
2 52903   0.0296  98.9294 0002977 160.9239 316.0576  1.00272252 15661
MEASAT 3D               
1 52904U 22067B   26273.87567975 -.00000242  00000+0  00000+0 0  9998
2 52904   0.0473 322.9803 0002492 281.4808 171.9353  1.00270422 15701
SES-22                  
1 52933U 22071A   26275.58089125  .00000097  00000+0  00000+0 0  9998
2 52933   0.0167 137.9254 0001042  57.8083 245.7047  1.00269582  8591
WFOV (USA 332)          
1 52940U 22073A   26275.84583242 -.00000369  00000+0  00000+0 0  9999
2 52940   3.9806  77.0803 0003013 171.0477 187.2184  1.00267531 15447
TIANLIAN 2-03           
1 53100U 22078A   26275.11152196  .00000067  00000+0  00000+0 0  9997
2 53100   0.9386  77.8042 0001913 155.1895 188.5670  1.00272527 15617
SBIRS GEO-6 (USA 336)   
1 53355U 22092A   26274.85198757 -.00000297  00000+0  00000+0 0  9994
2 53355   3.0907 319.4223 0002022 239.7263 257.1631  1.00270926 15305
EUTELSAT KONNECT VHTS   
1 53765U 22110A   26275.32376954  .00000011  00000+0  00000+0 0  9993
2 53765   0.0547 102.4149 0002427  73.1080 314.7999  1.00268408  7917
ZHONGXING-1E            
1 53813U 22112A   26275.88410311 -.00000158  00000+0  00000+0 0  9999
2 53813   0.0102 325.0462 0003897 302.4130 143.8548  1.00270288 14924
SES-20                  
1 53960U 22123A   26275.65923825 -.00000109  00000+0  00000+0 0  9994
2 53960   0.0411  74.6475 0001340  41.9166  29.0647  1.00270234 14618
SES-21                  
1 53961U 22123B   26275.58245126  .00000062  00000+0  00000+0 0  9995
2 53961   0.0363  61.9633 0000996 122.0485 265.9886  1.00270753  8289
GALAXY 33 (G-33)        
1 54026U 22128A   26274.51782375  .00000076  00000+0  00000+0 0  9992
2 54026   0.0208 269.2276 0001949 282.8296 231.6382  1.00271934 14808
GALAXY 34 (G-34)        
1 54027U 22128B   26275.58288459  .00000000  00000+0  00000+0 0  9992
2 54027   0.0186 197.9720 0001444 343.1837 271.0532  1.00269042 14988
ANGOSAT 2               
1 54033U 22131A   26275.84299102  .00000000  00000+0  00000+0 0  9999
2 54033   0.0187 180.1473 0000903 171.1342 346.7588  1.00274632 14559
EUTELSAT HOTBIRD 13F    
1 54048U 22134A   26275.75353199  .00000079  00000+0  00000+0 0  9991
2 54048   0.0572 286.5368 0001988  64.5181 304.6992  1.00271778 14456
LDPE-2                  
1 54219U 22144A   26275.25322705 -.00000228  00000+0  00000+0 0  9993
2 54219   5.8547  62.6313 0000774 226.1371 157.5418  0.98890994 12913
EUTELSAT HOTBIRD 13G    
1 54225U 22146A   26275.24211427  .00000081  00000+0  00000+0 0  9995
2 54225   0.0464 234.4841 0002009 313.8619 282.7958  1.00271426  8532
ZHONGXING-19            
1 54230U 22148A   26275.78325881 -.00000090  00000+0  00000+0 0  9993
2 54230   0.0323 253.7888 0005090 301.1703 261.6992  1.00271270 14453
GALAXY 31 (G-31)        
1 54243U 22153A   26275.58444459  .00000006  00000+0  00000+0 0  9990
2 54243   0.0138 210.3508 0001417 349.5273 260.8482  1.00270155  8219
GALAXY 32 (G-32)        
1 54244U 22153B   26275.51909764  .00000000  00000+0  00000+0 0  9993
2 54244   0.0101 164.2372 0000753 110.3291 192.5484  1.00269563 14224
EUTELSAT 10B            
1 54259U 22157A   26275.82416566  .00000060  00000+0  00000+0 0  9996
2 54259   0.0566  97.7104 0001192  28.2984 192.2806  1.00270439 14108
GALAXY 35 (G-35)        
1 54741U 22170A   26275.51866432 -.00000169  00000+0  00000+0 0  9995
2 54741   0.0162 234.1920 0002117 325.8872 264.7973  1.00271426 13970
GALAXY 36 (G-36)        
1 54742U 22170B   26275.51944432 -.00000192  00000+0  00000+0 0  9999
2 54742   0.0172 157.8153 0001541 348.2173 323.2302  1.00271278 13864
METEOSAT-12 (MTG-I1)    
1 54743U 22170C   26275.82217230 -.00000015  00000+0  00000+0 0  9997
2 54743   0.7522  22.0588 0003093  96.9132 188.1823  1.00274247 14059
SHIJIAN-23 (SJ-23)      
1 55131U 23002A   26274.79050654  .00000055  00000+0  00000+0 0  9997
2 55131   3.9848  76.9000 0003494 222.3548  59.8761  1.00025067 13570
APSTAR-6E               
1 55239U 23005A   26275.42107723 -.00000324  00000+0  00000+0 0  9990
2 55239   0.0174 221.7995 0004478 356.7151  78.2439  1.00269695 19779
USA 342                 
1 55263U 23008A   26272.19181660  .00000143  00000+0  00000+0 0  9991
2 55263   0.0113 237.6551 0000132  26.2045 196.9971  1.00272856 13560
ELEKTRO-L 4             
1 55506U 23016A   26275.50840037 -.00000066  00000+0  00000+0 0  9993
2 55506   0.0926  66.0687 0002241 133.4591 160.4851  1.00271396 13400
AMAZONAS NEXUS          
1 55508U 23017A   26274.88353402 -.00000287  00000+0  00000+0 0  9996
2 55508   0.0474  25.9043 0002103 130.4113 111.3901  1.00268814  8118
ZHONGXING-26            
1 55686U 23023A   26275.50130204 -.00000361  00000+0  00000+0 0  9996
2 55686   0.0623  64.7335 0001807  83.6571 168.3474  1.00265632 13302
LUCH-5X (OLYMP-K 2)     
1 55841U 23031A   26274.60667912  .00000030  00000+0  00000+0 0  9991
2 55841   0.0212 112.1406 0000999  20.1946 158.4011  1.00272641 13001
GAOFEN-13 02            
1 55912U 23036A   26275.55947505 -.00000225  00000+0  00000+0 0  9996
2 55912   1.0210  14.3565 0003875 295.3579  51.2348  1.00271895 13162
SES-18                  
1 55970U 23038A   26275.87304588 -.00000110  00000+0  00000+0 0  9998
2 55970   0.0253 269.1306 0002464 326.1400 347.5345  1.00271152 13180
SES-19                  
1 55971U 23038B   26275.41040274  .00000081  00000+0  00000+0 0  9994
2 55971   0.0289 279.0848 0001642 286.0153 178.8954  1.00271010 13169
INTELSAT 40E (IS-40E)   
1 56174U 23052A   26275.51909764 -.00000181  00000+0  00000+0 0  9997
2 56174   0.0106 191.7863 0002757   8.7832 266.5716  1.00271132 12908
VIASAT-3 F1             
1 56370U 23060A   26275.51953098 -.00000192  00000+0  00000+0 0  9995
2 56370   0.0201 238.4268 0000322 321.9081 269.0067  1.00270108 12518
ARCTURUS                
1 56371U 23060B   26275.78492784 -.00000369  00000+0  00000+0 0  9991
2 56371   3.0448  78.5360 0001250 199.3748 135.8972  1.00267860 12537
GS-1                    
1 56372U 23060C   26275.84676586 -.00000185  00000+0  00000+0 0  9999
2 56372   2.9963  78.4573 0003065 264.5942  58.2247  1.00247024  8617
BEIDOU-3 G4             
1 56564U 23066A   26275.75940046 -.00000288  00000+0  00000+0 0  9997
2 56564   0.4449   3.1036 0005838 209.9080 211.9209  1.00273180 12474
ARABSAT-7B (BADR-8)     
1 56757U 23075A   26275.84596821  .00000136  00000+0  00000+0 0  9990
2 56757   0.0744  23.1785 0001641 318.7709   0.1895  1.00271415 12197
NVS-01 (IRNSS-1J)       
1 56759U 23076A   26275.84782575 -.00000347  00000+0  00000+0 0  9991
2 56759   1.9198 239.3061 0006686   5.6442 201.3289  1.00266390 12198
NUSANTARA TIGA (SATRIA) 
1 57045U 23086A   26274.92452752 -.00000238  00000+0  00000+0 0  9999
2 57045   0.0565  12.8155 0003465 280.7039 195.9906  1.00273627 10837
H2SAT (HEINRICH HERTZ)  
1 57213U 23093A   26274.96833980 -.00000003  00000+0  00000+0 0  9994
2 57213   0.0475  49.0960 0000586 341.3208 329.6100  1.00267768 11981
SYRACUSE 4B             
1 57214U 23093B   26274.98812277  .00000000  00000+0  00000+0 0  9999
2 57214   0.0206 195.7674 0000162  90.9945  73.2363  1.00269834  8042
JUPITER 3 (ECHOSTAR 24) 
1 57479U 23108A   26275.23409505  .00000000  00000+0  00000+0 0  9994
2 57479   0.0197 167.3497 0001072  16.8751 175.7743  1.00271831 11724
GALAXY 37 (G-37)        
1 57493U 23112A   26275.58323126  .00000041  00000+0  00000+0 0  9992
2 57493   0.0175 160.0101 0002193  45.6244 248.6515  1.00270191 11613
LUDI TANCE-4 01A        
1 57624U 23120A   26275.84333913 -.00000200  00000+0  00000+0 0  9999
2 57624  15.0355 191.3213 0004402  49.8807 163.6350  1.00272090 11626
TJS-10                  
1 58204U 23169A   26274.77875545 -.00000253  00000+0  00000+0 0  9998
2 58204   2.8119  79.0979 0004510 139.5425 164.6715  1.00273547 10608
ZHONGXING-6E            
1 58253U 23172A   26275.81364197 -.00000369  00000+0  00000+0 0  9996
2 58253   0.0129 193.5829 0002565   5.6538 220.7072  1.00267577 10735
YAOGAN-41               
1 58582U 23197A   26275.79846789 -.00000372  00000+0  00000+0 0  9991
2 58582   2.9441 315.0409 0012663 215.0633 251.9954  1.00275590 10409
OVZON-3                 
1 58698U 24003A   26275.19255565  .00000045  00000+0  00000+0 0  9992
2 58698   0.0112 187.2653 0000225  80.9610 231.7539  1.00272476  8521
INSAT-3DS               
1 58990U 24033A   26275.81032175 -.00000164  00000+0  00000+0 0  9992
2 58990   0.0186 121.8579 0001541  87.7970 175.6702  1.00269958 48145
MERAH PUTIH 2           
1 58995U 24035A   26275.55986064 -.00000365  00000+0  00000+0 0  9998
2 58995   0.0174 169.2788 0001339  48.7566 107.7696  1.00272667  9661
TJS-11                  
1 59020U 24037A   26275.87449475 -.00000372  00000+0  00000+0 0  9993
2 59020   4.0678 328.5068 0003607 290.3730 180.0641  1.00268461  9664
HULIANWAN GAOGUI-01 (H*)
1 59069U 24040A   26275.08656030  .00000151  00000+0  00000+0 0  9994
2 59069   0.0973 340.8648 0001873  20.2758  74.4504  1.00267992  8408
EUTELSAT 36D            
1 59346U 24059A   26275.06850512  .00000151  00000+0  00000+0 0  9991
2 59346   0.0155 204.9173 0000461  80.7891 145.6385  1.00270886  9216
PAKSAT-MM1              
1 59915U 24104A   26275.06850512  .00000149  00000+0  00000+0 0  9991
2 59915   0.0209 206.0646 0001921 350.6595 236.9119  1.00269889  8598
ASTRA 1P (SES-24)       
1 60086U 24115A   26275.23655661  .00000114  00000+0  00000+0 0  9993
2 60086   0.0620   0.1361 0003295 238.7588 236.4491  1.00270587  8277
GOES 19                 
1 60133U 24119A   26275.45437475 -.00000255  00000+0  00000+0 0  9992
2 60133   0.0440  23.3730 0000912 243.1282 193.0816  1.00270664  8041
ZHONGXING-3A            
1 60179U 24122A   26275.87388265 -.00000322  00000+0  00000+0 0  9999
2 60179   0.0408  19.8680 0002933 204.1490 203.7501  1.00270891  8381
TURKSAT 6A              
1 60233U 24127A   26275.06850512  .00000141  00000+0  00000+0 0  9993
2 60233   0.0333 219.1805 0004950 350.5693 227.7344  1.00274267  8084
HULIANWAN GAOGUI-02 (H*)
1 60327U 24135A   26275.85224579 -.00000182  00000+0  00000+0 0  9997
2 60327   0.0696 350.6700 0004490 350.8138 130.0017  1.00270864  8577
ZHONGXING-4A            
1 60606U 24151A   26275.82716637 -.00000372  00000+0  00000+0 0  9994
2 60606   1.0437 269.9073 0001446  18.8987 138.7747  1.00271390  7835
HULIANWAN GAOGUI-03 (H*)
1 61503U 24181A   26275.46533109 -.00000248  00000+0  00000+0 0  9997
2 61503   0.0770 354.6934 0000548  77.5511  29.3512  1.00270996  7900
DSN-3 (KIRAMEKI-3)      
1 61733U 24198A   26275.77944545 -.00000258  00000+0  00000+0 0  9995
2 61733   0.0173 220.4309 0001165 332.9558 242.7944  1.00270304  6994
KOREASAT 6A             
1 61910U 24206A   26275.56296392  .00000000  00000+0  00000+0 0  9993
2 61910   0.0185 186.7240 0000979  27.9154 115.3242  1.00267211  6918
OPTUS-X (ADS-01)        
1 62006U 24212A   26275.85319912 -.00000152  00000+0  00000+0 0  9992
2 62006   0.0236 260.8395 0002806 296.7787 277.5304  1.00270859  6840
GSAT-N2 (GSAT-20)       
1 62028U 24214A   26275.84434897 -.00000028  00000+0  00000+0 0  9999
2 62028   0.0518  86.9990 0001250 230.8237  65.6920  1.00269527  6970
SXM-9                   
1 62259U 24234A   26275.09262854 -.00000210  00000+0  00000+0 0  9999
2 62259   0.0169 267.8886 0004349  38.8726  12.2643  1.00270064  6645
TJS-12                  
1 62374U 24246A   26275.76935877 -.00000239  00000+0  00000+0 0  9997
2 62374   0.4648 315.5157 0000772 190.1278 289.3605  1.00271448  6643
NUVIEW ALPHA            
1 62455U 24252B   26275.02176794 -.00000220  00000+0  00000+0 0  9998
2 62455   0.0529  19.8186 0000090 234.8348  40.8841  1.00270969  4894
AGILA                   
1 62456U 24252C   26272.28030791 -.00000080  00000+0  00000+0 0  9994
2 62456   0.0398 117.8550 0001367 162.1062 345.9734  1.00525745  6209
NUVIEW BRAVO            
1 62457U 24252D   26275.52065766 -.00000222  00000+0  00000+0 0  9993
2 62457   0.0640 157.6525 0001451  36.7433 281.2089  1.00271454  4877
THURAYA-4               
1 62483U 25001A   26275.83101235  .00000131  00000+0  00000+0 0  9999
2 62483   0.0261  94.8419 0000305 166.4882  93.6716  1.00272529  5254
SHIJIAN-25 (SJ-25)      
1 62485U 25002A   26274.78856884 -.00000351  00000+0  00000+0 0  9997
2 62485   5.3622  60.4265 0046500 179.8963 181.4155  1.00277174  6433
TJS-14                  
1 62804U 25017A   26275.75457201  .00000107  00000+0  00000+0 0  9994
2 62804   0.5610 307.2502 0003925 327.2541  27.0192  1.00268990  6345
SPAINSAT NG I           
1 62852U 25021A   26275.17892230  .00000000  00000+0  00000+0 0  9995
2 62852   0.0132 185.1554 0000397  86.6080 192.5321  1.00269798  5063
QZS-6 (MICHIBIKI-6)     
1 62876U 25023A   26275.85378859 -.00000241  00000+0  00000+0 0  9992
2 62876   0.0078 226.8940 0002206 345.0011 197.5843  1.00269476  6021
ZHONGXING-10R           
1 63075U 25036A   26275.88431618 -.00000361  00000+0  00000+0 0  9997
2 63075   0.0402 238.4379 0005005 306.9176 255.0996  1.00276047  6039
TJS-15                  
1 63157U 25045A   26275.68581266 -.00000225  00000+0  00000+0 0  9990
2 63157   0.4793  84.3549 0001545 199.8803  62.7573  1.00273771  5837
TIANLIAN 2-04           
1 63361U 25062A   26275.84707345 -.00000148  00000+0  00000+0 0  9996
2 63361   4.1056 272.9654 0033974   8.1628 115.4332  1.00272256  5686
TJS-16                  
1 63397U 25064A   26274.69426394 -.00000107  00000+0  00000+0 0  9996
2 63397   1.3657  80.4832 0002278 225.8394 114.7497  1.00271193  5450
TJS-17                  
1 63524U 25073A   26274.78026909 -.00000238  00000+0  00000+0 0  9991
2 63524   1.3322  81.5227 0021951  97.1854 272.9778  0.99556086  5364
TIANLIAN 2-05           
1 63662U 25084A   26275.82624566  .00000112  00000+0  00000+0 0  9995
2 63662   4.1864 278.6900 0000679 268.5988 142.0618  1.00269916  5469
TJS-19                  
1 63924U 25097A   26275.85016578 -.00000285  00000+0  00000+0 0  9993
2 63924   3.1177 319.3831 0006791 274.6446 224.8514  1.00272605  5227
CHINASAT 3B             
1 64062U 25106A   26275.78442919 -.00000053  00000+0  00000+0 0  9995
2 64062   0.0447  21.9132 0002922 190.7593 248.5193  1.00271007  5142
SXM-10                  
1 64290U 25122A   26275.23100410 -.00000023  00000+0  00000+0 0  9990
2 64290   0.0157  82.0224 0001692 249.2927   6.6562  1.00271424  4759
COSMOS 2589             
1 64467U 25131A   26274.71126249 -.00000347  00000+0  00000+0 0  9995
2 64467   0.2059  87.6937 0006889  42.4763 264.4167  1.00273495  4625
CHINASAT 9C             
1 64470U 25132A   26275.85649292 -.00000256  00000+0  00000+0 0  9993
2 64470   0.0275 239.0476 0003169 316.2524 216.8472  1.00271122  5225
MTG-S1                  
1 64723U 25143A   26275.85015083 -.00000014  00000+0  00000+0 0  9993
2 64723   0.6140 344.5127 0004242 257.4292  75.5114  1.00274350  4496
DROR 1                  
1 64784U 25148A   26275.32246953 -.00000040  00000+0  00000+0 0  9998
2 64784   0.0424  79.9158 0001388 168.1592 235.0687  1.00270915  4372
SHIYAN-29               
1 65486U 25196A   26275.86646412 -.00000277  00000+0  00000+0 0  9996
2 65486  28.9345  17.1822 0015806 180.1920 221.4010  1.00281368  3961
NUSANTARA LIMA (NUSANT*)
1 65588U 25205A   26275.49601843 -.00000364  00000+0  00000+0 0  9995
2 65588   0.0047  55.2191 0000654 208.2223  39.2138  1.00270265  3790
TJS-20                  
1 66142U 25238A   26275.88213681  .00000013  00000+0  00000+0 0  9990
2 66142   5.2380 299.2003 0003374 264.7130 187.6660  1.00273681  3414
CMS-03 (GSAT-7R)        
1 66311U 25249B   26275.88152236  .00000000  00000+0  00000+0 0  9994
2 66311   0.0177 179.1733 0000752  46.4502 177.3135  1.00270740  3427
VIASAT-3 F2             
1 66454U 25261A   26275.02254794 -.00000238  00000+0  00000+0 0  9998
2 66454   0.0153 245.3060 0001399  17.3124  37.2813  1.00271622  3868
SHIJIAN-28 (SJ-28)      
1 66549U 25277A   26275.76294632 -.00000373  00000+0  00000+0 0  9996
2 66549   4.2683 270.4833 0001418  68.0903  64.4456  1.00271369  3238
TJS-22                  
1 66990U 25290A   26275.88192139 -.00000016  00000+0  00000+0 0  9997
2 66990   1.2755 288.7367 0004930 329.3626 137.4913  1.00270209  3103
TJS-23                  
1 67226U 25306A   26275.30630065  .00000007  00000+0  00000+0 0  9999
2 67226   5.3518 296.9929 0004286 270.1680  89.6190  1.00270922  2960
FENGYUN 4C              
1 67246U 25312A   26275.50546410 -.00000330  00000+0  00000+0 0  9990
2 67246   0.0083  77.3491 0001138 208.7987  40.0970  1.00269652  2949
SHIJIAN-29A (SJ-29A)    
1 67302U 25315A   26275.63206103 -.00000075  00000+0  00000+0 0  9998
2 67302   3.6641  92.5025 0006115  80.4264 139.3362  1.00269086  2696
SHIJIAN-29B (SJ-29B)    
1 67403U 25315C   26275.63206113 -.00000076  00000+0  00000+0 0  9992
2 67403   3.6632  92.4974 0007097 100.0624 119.7643  1.00272068  2765
ELEKTRO-L 5             
1 67756U 26028A   26274.75959998 -.00000101  00000+0  00000+0 0  9992
2 67756   0.0496  44.8991 0001588 129.6749 185.4517  1.00271519  2310
JAM-E JAM 1             
1 67757U 26028B   26275.47247079  .00000149  00000+0  00000+0 0  9994
2 67757   0.1617  16.2220 0000580 278.2854 280.7031  1.00275037  2199
ECHOSTAR 25             
1 68126U 26045A   26275.51537097 -.00000063  00000+0  00000+0 0  9997
2 68126   0.0181 155.5644 0001596  48.2006 243.0235  1.00269794  2061
TJS-24                  
1 69235U 26116A   26275.70854674 -.00000239  00000+0  00000+0 0  9997
2 69235   0.2794  87.5011 0002020 182.8895  86.4574  1.00271817  1301
