ISS (ZARYA)             
1 25544U 98067A   26277.91750246  .00004575  00000+0  91962-4 0  9999
2 25544  51.6317 117.0514 0006859 223.4758 136.5691 15.48736724588765
POISK                   
1 36086U 09060A   26277.91750246  .00004575  00000+0  91962-4 0  9997
2 36086  51.6317 117.0514 0006859 223.4758 136.5691 15.48736724586968
CSS (TIANHE)            
1 48274U 21035A   26277.74849061  .00019423  00000+0  23426-3 0  9997
2 48274  41.4700  16.6442 0001783 331.3502  28.7238 15.60303779310276
ISS (NAUKA)             
1 49044U 21066A   26277.91750246  .00004575  00000+0  91962-4 0  9995
2 49044  51.6317 117.0514 0006859 223.4758 136.5691 15.48736724587002
FREGAT DEB              
1 49271U 11037PF  26277.61108357  .00015022  00000+0  20754-1 0  9998
2 49271  51.6489  32.0833 0944046 167.4368 195.1897 12.44971804238664
CSS (WENTIAN)           
1 53239U 22085A   26277.74849061  .00019423  00000+0  23426-3 0  9990
2 53239  41.4700  16.6442 0001783 331.3502  28.7238 15.60303779288233
CSS (MENGTIAN)          
1 54216U 22143A   26277.74849061  .00019423  00000+0  23426-3 0  9991
2 54216  41.4700  16.6442 0001783 331.3502  28.7238 15.60303779308412
HRC MONOBLOCK CAMERA    
1 66052U 98067XS  26277.80435528  .00692053  25681-3  82490-3 0  9994
2 66052  51.6090  66.3205 0007931 298.0414  61.9796 16.07756581 55398
SZ-21 MODULE            
1 66515U 25246C   26277.89318129  .00096060  00000+0  33754-3 0  9992
2 66515  41.4705 338.7272 0009794  90.1531 270.0440 15.88030674 51113
DUPLEX                  
1 66906U 98067XT  26277.75904835  .00060347  00000+0  46231-3 0  9990
2 66906  51.6238  92.6610 0004299 238.5951 121.4626 15.71512014 47836
KNACKSAT-2              
1 67683U 98067YA  26277.90937919  .00093424  00000+0  71480-3 0  9995
2 67683  51.6234  98.1969 0008667 251.8789 108.1265 15.71327870 37466
GXIBA-1                 
1 67685U 98067YC  26277.89960050  .00133269  00000+0  81972-3 0  9996
2 67685  51.6188  95.0823 0009778 253.6894 106.3031 15.76233584 37501
UITMSAT-2               
1 67686U 98067YD  26277.20075332  .00320008  50513-4  87694-3 0  9997
2 67686  51.6169  91.0644 0009321 260.8892  99.1061 15.93437229 37491
LEOPARD                 
1 67687U 98067YE  26277.90897332  .00307117  00000+0  14914-2 0  9998
2 67687  51.6207  95.1795 0009823 253.4866 106.5057 15.80974981 37421
HMU-SAT2                
1 67688U 98067YF  26277.90109435  .00236077  00000+0  10189-2 0  9995
2 67688  51.6223  91.3305 0008299 246.3522 113.6611 15.83704825 37472
CREW DRAGON 12          
1 67796U 26031A   26277.91750246  .00004575  00000+0  91962-4 0  9996
2 67796  51.6317 117.0514 0006859 223.4758 136.5691 15.48736724587893
CYGNUS NG-24            
1 68689U 26079A   26277.91750246  .00004575  00000+0  91962-4 0  9990
2 68689  51.6317 117.0514 0006859 223.4758 136.5691 15.48736724587918
PROGRESS-MS 34          
1 68837U 26093A   26277.91750246  .00004575  00000+0  91962-4 0  9991
2 68837  51.6317 117.0514 0006859 223.4758 136.5691 15.48736724587935
TIANZHOU-10             
1 69049U 26102A   26277.74849061  .00019423  00000+0  23426-3 0  9990
2 69049  41.4700  16.6442 0001783 331.3502  28.7238 15.60303779310404
SHENZHOU-23 (SZ-23)     
1 69180U 26113A   26277.74849061  .00019423  00000+0  23426-3 0  9998
2 69180  41.4700  16.6442 0001783 331.3502  28.7238 15.60303779308238
