ATLAS CENTAUR 2         
1 00694U 63047A   26282.76271334  .00002841  00000+0  33361-3 0  9995
2 00694  30.3535  78.5289 0544638 168.1564 193.2433 14.12793613161910
THOR AGENA D R/B        
1 00733U 64002A   26282.78946111  .00000128  00000+0  62711-4 0  9993
2 00733  99.1108 307.6839 0032688 356.8223   3.2748 14.34101042268982
SL-3 R/B                
1 00877U 64053B   26281.78741853  .00000130  00000+0  49483-4 0  9997
2 00877  65.0766  66.4137 0075095 224.8164 134.6856 14.61471731297932
SL-8 R/B                
1 02802U 67045B   26281.57096947  .00000132  00000+0  44363-4 0  9999
2 02802  74.0105 310.4785 0065518 266.7037  92.6624 14.45726163119789
SL-8 R/B                
1 03230U 68040B   26282.85458660  .00002316  00000+0  16836-3 0  9996
2 03230  74.0295 235.6815 0024137 353.9188   6.1704 15.04296998122209
OAO 2                   
1 03597U 68110A   26282.77591844  .00000149  00000+0  45307-4 0  9991
2 03597  34.9921 149.8370 0004864 119.3387 240.7789 14.47386999 50136
ISIS 1                  
1 03669U 69009A   26282.01474570  .00000123  00000+0  78513-4 0  9999
2 03669  88.4337 131.8893 1707547  18.4917 347.1097 11.30453211372636
SERT 2                  
1 04327U 70009A   26282.26445999 -.00000005  00000+0  50148-4 0  9997
2 04327  99.2902 213.8728 0004817 351.0695 174.4177 13.58747622808898
SL-3 R/B                
1 05118U 71028B   26282.85963244  .00099409  00000+0  44955-3 0  9994
2 05118  81.2249 143.4994 0007207 219.2528 140.8215 15.83626002 22303
ASTEX 1                 
1 05560U 71089A   26281.80032671  .00000265  00000+0  67136-4 0  9996
2 05560  92.7145 220.5124 0017858  85.0014 275.3231 14.50924251893207
SL-8 R/B                
1 05730U 71119B   26281.67262230  .00006671  00000+0  34225-3 0  9999
2 05730  73.8842 136.5884 0537136  59.1247 306.1596 14.40673729686134
OAO 3 (COPERNICUS)      
1 06153U 72065A   26282.77703137  .00000210  00000+0  47220-4 0  9991
2 06153  35.0044 157.4472 0005917 116.0655 304.0157 14.60112307877501
ATLAS CENTAUR R/B       
1 06155U 72065B   26282.84589924  .00000761  00000+0  10600-3 0  9999
2 06155  35.0003 130.2632 0033230  11.9691 348.1793 14.78075988872969
SL-8 R/B                
1 08459U 75112B   26281.62605147  .00000146  00000+0  56660-4 0  9999
2 08459  74.0628 347.1755 0015247  20.1806 339.9948 14.38285875662485
SL-3 R/B                
1 10114U 77057B   26282.82133872  .00011809  00000+0  21233-3 0  9999
2 10114  97.5857 105.1508 0005526 218.5131 141.5727 15.50001962701452
SEASAT 1                
1 10967U 78064A   26282.22651464  .00000190  00000+0  91280-4 0  9991
2 10967 108.0090 213.6504 0002574 288.9073  71.1793 14.46300827537388
SL-14 R/B               
1 11267U 79011B   26281.44548120  .00000419  00000+0  38566-4 0  9997
2 11267  82.5214 254.6626 0017479  68.7330 291.5754 14.92092403560500
SL-8 R/B                
1 11574U 79089B   26282.78075862  .00000191  00000+0  65443-4 0  9990
2 11574  74.0694  54.7143 0015519 175.9622 184.1662 14.42443551466970
SL-14 R/B               
1 11672U 80005B   26281.93432761  .00000394  00000+0  37121-4 0  9997
2 11672  82.5107 104.9400 0015929 166.7918 193.3721 14.91108492508260
SL-8 R/B                
1 12139U 81003B   26281.93533829  .00026939  00000+0  61625-3 0  9990
2 12139  82.9322  91.7695 0238464 152.3832 209.0315 15.18023193346952
SL-3 R/B                
1 12465U 81046B   26282.80212203  .00011486  00000+0  23077-3 0  9996
2 12465  81.2323  31.7451 0016641 353.3863   6.7159 15.46352154471476
SL-3 R/B                
1 12904U 81103B   26282.85671147  .00003710  00000+0  15635-3 0  9991
2 12904  81.1581 321.8304 0011390 283.9320  76.0645 15.23035742  5829
SL-3 R/B                
1 13068U 82013B   26282.79520936  .00003147  00000+0  13031-3 0  9998
2 13068  81.1704 269.4636 0021874 172.5649 187.5913 15.23408682436931
SL-3 R/B                
1 13154U 82039B   26282.81290229  .00002606  00000+0  15309-3 0  9993
2 13154  81.1494 328.6429 0030131 335.1700  24.8074 15.10988776413964
SL-3 R/B                
1 13403U 82079B   26282.84873571  .00003959  00000+0  14886-3 0  9995
2 13403  81.1433 299.7679 0024243 156.6185 203.6158 15.26622672410356
SL-14 R/B               
1 13553U 82092B   26282.82135817  .00000303  00000+0  31156-4 0  9998
2 13553  82.5652 301.0381 0019095 313.8595 219.0005 14.86812915360743
SL-3 R/B                
1 13819U 83010B   26281.57209959  .00012187  00000+0  20200-3 0  9994
2 13819  81.0975 100.0349 0014442  21.4106 338.7742 15.51883004390900
SL-3 R/B                
1 14208U 83075B   26282.83872986  .00009224  00000+0  21418-3 0  9994
2 14208  97.6104 296.2057 0019840 175.4210 184.7222 15.42399259363127
COSMOS 1536             
1 14699U 84013A   26282.87792787  .00006170  00000+0  23739-3 0  9990
2 14699  82.5411 254.5122 0011776 244.7438 115.2580 15.26131187305260
SL-14 R/B               
1 14820U 84027B   26281.80439373  .00000284  00000+0  29518-4 0  9994
2 14820  82.5427  45.1404 0017634 352.5759   7.5193 14.86122304279284
SL-8 R/B                
1 15483U 85006B   26282.28017480  .00000155  00000+0  59791-4 0  9995
2 15483  74.0450 228.0970 0017080  90.1377  77.6252 14.37873001184729
SL-12 R/B(2)            
1 15772U 85042D   26281.63618471  .00000086  00000+0  59853-4 0  9993
2 15772  71.1106 357.8221 0034108 157.6849 309.4245 14.22024710144665
SL-14 R/B               
1 15945U 85069B   26282.19489828  .00000266  00000+0  27162-4 0  9996
2 15945  82.5297 184.1457 0018068 200.6357 159.4132 14.86581691204555
SL-16 R/B               
1 16182U 85097B   26281.83118394 -.00000225  00000+0 -88484-4 0  9999
2 16182  71.0037  51.8179 0009797 286.9727 235.1988 14.16623210117418
SL-14 R/B               
1 16496U 86006B   26282.11096102  .00000434  00000+0  43411-4 0  9993
2 16496  82.5263  58.8804 0074731 285.2713  74.0251 14.87026984180925
COSMOS 1743             
1 16719U 86034A   26282.79975661  .00117681  00000+0  63329-3 0  9994
2 16719  82.5253 205.7904 0004441 126.9708 233.1966 15.79843832213808
SL-14 R/B               
1 16792U 86046B   26282.84939719  .00000332  00000+0  35369-4 0  9996
2 16792  82.4810 237.8212 0021676 238.1600 121.7506 14.85736596158209
SL-14 R/B               
1 16882U 86055B   26282.28953914  .00000303  00000+0  32006-4 0  9990
2 16882  82.5169 285.8566 0018514 350.2297  20.2218 14.85786721151084
AJISAI (EGS)            
1 16908U 86061A   26282.87962803 -.00000095  00000+0  15381-4 0  9994
2 16908  50.0080 154.7187 0011415 111.7126 253.4891 12.44517588494670
SL-14 R/B               
1 17567U 87024B   26282.87229500  .00000357  00000+0  37727-4 0  9994
2 17567  82.5259 251.4478 0016588 271.6737  88.2580 14.86278427119945
COSMOS 1833             
1 17589U 87027A   26282.29152663 -.00000162  00000+0 -60514-4 0  9998
2 17589  70.9145 237.0283 0025977 243.7957 116.0493 14.13038932 40495
SL-16 R/B               
1 17590U 87027B   26282.13844767  .00000167  00000+0  10654-3 0  9998
2 17590  71.0030 186.6980 0004608 182.4082 177.7020 14.17185417 45581
SL-14 R/B               
1 17912U 87038B   26282.77570243  .00000324  00000+0  34630-4 0  9999
2 17912  82.4978  95.1304 0019341 172.5540 187.5967 14.85507135111010
COSMOS 1844             
1 17973U 87041A   26282.02633225  .00000420  00000+0  24280-3 0  9994
2 17973  70.8988 304.1812 0028898  59.9184 300.4797 14.14588850 33751
SL-14 R/B               
1 18153U 87055B   26282.04136200  .00000285  00000+0  29924-4 0  9993
2 18153  82.4993 147.9118 0021395  31.6216 328.6281 14.85770265101619
COSMOS 1867             
1 18187U 87060A   26281.51710206 -.00000072  00000+0  10610-4 0  9998
2 18187  65.0101  70.6664 0018961 280.1012  79.7933 14.31525730 50406
SL-14 R/B               
1 18749U 88001B   26282.18576023  .00000252  00000+0  26212-4 0  9993
2 18749  82.5162 354.5083 0016563 250.5852 109.3575 14.85671041 73727
COSMOS 1933             
1 18958U 88020A   26282.26168266  .00003070  00000+0  14387-3 0  9991
2 18958  82.5145  39.3893 0004421 157.6379 202.5049 15.19332101 82640
SL-3 R/B                
1 19046U 88032B   26282.23660285  .00003064  00000+0  13794-3 0  9992
2 19046  97.5388 265.3085 0024193 204.8379 155.1694 15.21608633 84562
SL-16 R/B               
1 19120U 88039B   26281.91671728  .00000128  00000+0  82986-4 0  9998
2 19120  71.0163 337.6750 0021517   6.5333 353.6068 14.19639153988648
COSMOS 1953             
1 19210U 88050A   26282.02906710  .00005785  00000+0  18980-3 0  9992
2 19210  82.5047 303.1175 0012259  90.5686 269.6959 15.31312842 70401
SL-8 R/B                
1 19257U 88053B   26281.89932780  .00000256  00000+0  91144-4 0  9998
2 19257  74.0458  79.4388 0020545 209.6834 302.6241 14.39005443  7155
COSMOS 1975             
1 19573U 88093A   26281.95529501  .00007208  00000+0  24237-3 0  9995
2 19573  82.5151 263.1515 0012555 129.8194 230.4154 15.30556623 52006
SL-14 R/B               
1 19574U 88093B   26282.24179054  .00000294  00000+0  30892-4 0  9996
2 19574  82.5336 201.5631 0021926  53.8562 106.1954 14.85802384 32725
SL-16 R/B               
1 19650U 88102B   26282.78564920  .00000256  00000+0  15352-3 0  9992
2 19650  70.9993  61.0057 0012824  37.4798 322.7216 14.16174908957201
INTERCOSMOS 24          
1 20261U 89080A   26282.06835175  .00000509  00000+0  14235-3 0  9992
2 20261  82.6063 325.5223 1187657 157.4986 208.3011 12.59752059693665
SL-14 R/B               
1 20262U 89080C   26282.25091634  .00000111  00000+0  24490-4 0  9992
2 20262  82.5962  36.0190 1230404  56.6007 314.6767 12.50611831686847
DELTA 1 R/B             
1 20323U 89089B   26282.22854383  .00000300  00000+0  82562-4 0  9998
2 20323  97.0666  95.5726 0069278 166.2848 194.0254 14.50787980926693
ARIANE 40 R/B           
1 20443U 90005H   26282.14263423  .00000138  00000+0  57242-4 0  9997
2 20443  98.2830 336.1414 0008910 283.4856  76.5340 14.39970608923524
DELTA 2 R/B(1)          
1 20453U 90008B   26282.88409082  .03840708  20101-5  70886-3 0  9991
2 20453  35.5855 170.6192 0007299 219.4847 140.5381 16.31069069959900
COSMOS 2058             
1 20465U 90010A   26282.80258808  .00002568  00000+0  14555-3 0  9999
2 20465  82.4697 196.2771 0008632 327.3058  32.7638 15.12558766974594
SL-14 R/B               
1 20466U 90010B   26282.81883495  .00000313  00000+0  34916-4 0  9997
2 20466  82.5009  66.2673 0018676 317.2992  42.6771 14.83703360960237
SL-14 R/B               
1 20511U 90018B   26282.23282007  .00000268  00000+0  30561-4 0  9995
2 20511  82.5245  23.4821 0017458 108.1868 252.1249 14.82275673954215
HST                     
1 20580U 90037B   26281.67127014  .00005552  00000+0  16789-3 0  9991
2 20580  28.4734  24.2725 0001576 348.7905  11.2656 15.31864315805980
SL-16 R/B               
1 20625U 90046B   26282.04339020  .00000145  00000+0  99232-4 0  9993
2 20625  70.9997 209.8187 0015212 332.1429  27.8877 14.15038826878570
COSMOS 2084             
1 20663U 90055A   26282.11114817  .00001398  00000+0  10765-3 0  9992
2 20663  62.7894 327.1293 0021097 354.1697   5.9155 15.06500869968464
SL-6 R/B(2)             
1 20666U 90055D   26281.92847613  .00001874  00000+0  14367-3 0  9991
2 20666  62.7806 248.2083 0058252  19.4576 340.8729 15.04344872970267
SL-8 R/B                
1 20775U 90078B   26282.11420844  .00011144  00000+0  30431-3 0  9993
2 20775  82.8996  58.3884 0338380  12.1187 348.7917 14.95455130841139
SL-8 R/B                
1 21088U 91006B   26282.23959078  .00000053  00000+0  37740-4 0  9990
2 21088  82.9467  11.1680 0023137 153.9818 233.8170 13.77525294793474
OKEAN-3                 
1 21397U 91039A   26281.98972688  .00002259  00000+0  15395-3 0  9993
2 21397  82.5142 130.0035 0013656 329.1309  30.9114 15.05739868897123
COSMOS 2151             
1 21422U 91042A   26282.88785999  .00001644  00000+0  12754-3 0  9996
2 21422  82.4956 236.9617 0013766  58.9384 301.3190 15.00692447895312
SL-14 R/B               
1 21423U 91042B   26282.26363387  .00000240  00000+0  27355-4 0  9997
2 21423  82.4964  19.8922 0015518 258.1286 101.8188 14.81956606884700
ERS-1                   
1 21574U 91050A   26282.78029720  .00000239  00000+0  90877-4 0  9997
2 21574  98.7752 306.2591 0030865 287.4823  72.2991 14.39576166846535
ARIANE 40 R/B           
1 21610U 91050F   26282.11544937  .00000200  00000+0  72159-4 0  9998
2 21610  98.1754 326.0274 0003995 132.4753 227.6776 14.43010438849771
INTERCOSMOS 25          
1 21819U 91086A   26282.17270957  .00001709  00000+0  33023-3 0  9993
2 21819  82.6073 180.8740 1485297  16.5458 347.9115 12.12403612522553
SL-8 R/B                
1 21876U 92008B   26282.78883104 -.00000025  00000+0 -41259-4 0  9995
2 21876  82.9229 108.5815 0033477 256.2654 113.8693 13.75991681738863
SL-8 R/B                
1 21938U 92020B   26282.17301297  .00000046  00000+0  31542-4 0  9994
2 21938  82.9345 355.1855 0030221  63.3950 315.8215 13.75561779730480
USA 81                  
1 21949U 92023A   26281.79026567  .00000110  00000+0  33158-4 0  9997
2 21949  85.0125   8.4322 0002705  87.5166 272.6336 14.32422199125299
COSMOS 2219             
1 22219U 92076A   26281.44081267  .00000173  00000+0  11553-3 0  9999
2 22219  71.0583 293.3123 0019938 238.2045 121.7136 14.14107979748451
SL-16 R/B               
1 22220U 92076B   26281.92344170  .00000251  00000+0  14871-3 0  9992
2 22220  70.9978  99.1900 0011188 137.1020  14.3693 14.16883436752038
COSMOS 2221             
1 22236U 92080A   26281.46123561  .00001279  00000+0  10933-3 0  9998
2 22236  82.5011  75.2032 0013821 191.2930 168.7985 14.96790875812611
SL-16 R/B               
1 22285U 92093B   26281.94911497  .00000331  00000+0  19363-3 0  9996
2 22285  71.0201 276.5643 0005497 319.0937  40.9773 14.15475722743330
COSMOS 2228             
1 22286U 92094A   26282.79836779  .00001540  00000+0  12831-3 0  9997
2 22286  82.5202  32.2119 0016362 303.0769  56.8882 14.97888003808107
SL-16 R/B               
1 22566U 93016B   26282.29465151 -.00000145  00000+0 -49919-4 0  9990
2 22566  71.0059 126.5451 0010796 345.1958  14.8847 14.15323627732397
COSMOS 2242             
1 22626U 93024A   26282.81088128  .00001427  00000+0  12103-3 0  9995
2 22626  82.5175  61.8350 0014894 307.7125  52.2747 14.97180917812423
SL-16 R/B               
1 22803U 93059B   26282.26494287  .00000074  00000+0  60151-4 0  9990
2 22803  70.9885 280.7251 0019288 247.8206 112.0871 14.17258516709798
ARIANE 40 R/B           
1 22830U 93061H   26281.81444484  .00000089  00000+0  48168-4 0  9997
2 22830  98.4700 346.2429 0010920  19.2562 340.9033 14.32943125724629
COSMOS 2278             
1 23087U 94023A   26282.18083926 -.00000259  00000+0 -11071-3 0  9995
2 23087  71.0518  88.4190 0006838  51.1023 309.0709 14.14409886674999
SL-16 R/B               
1 23088U 94023B   26282.13184274  .00000281  00000+0  16971-3 0  9996
2 23088  71.0020 342.6341 0004771 308.4548  51.6146 14.15034620676285
SL-16 R/B               
1 23343U 94074B   26282.02993104  .00000286  00000+0  44802-4 0  9994
2 23343  97.6936 303.9792 0005269 239.8210 149.5173 14.79579061718798
SL-16 R/B               
1 23405U 94077B   26281.39432447 -.00000234  00000+0 -94993-4 0  9994
2 23405  70.9813 264.9862 0004185 236.7981 123.2741 14.15584631646335
ARIANE 40+ R/B          
1 23561U 95021B   26282.73413093  .00000215  00000+0  82269-4 0  9992
2 23561  98.4303 351.0905 0006149 211.4715 307.6902 14.39882646650043
SL-16 R/B               
1 23705U 95058B   26281.90618810 -.00000261  00000+0 -10891-3 0  9998
2 23705  71.0193  92.6001 0011640 164.8562 195.2912 14.15518172598020
SL-16 R/B               
1 24298U 96051B   26281.83686662  .00000061  00000+0  59575-4 0  9991
2 24298  70.7671  84.1589 0017630 191.3960 168.6763 14.12487308551743
ORBVIEW 2 (SEASTAR)     
1 24883U 97037A   26281.48835178  .00000160  00000+0  71729-4 0  9990
2 24883  98.8792  91.7332 0002818 135.2076 224.9337 14.35598978539004
SL-16 R/B               
1 25400U 98043G   26281.88515120  .00000020  00000+0  27469-4 0  9997
2 25400  98.8514 237.0937 0010807 113.8308 246.4005 14.26083826469379
SL-16 R/B               
1 25407U 98045B   26282.87193955  .00000238  00000+0  14439-3 0  9997
2 25407  71.0090  91.1429 0005687  47.1524 313.0076 14.16213203457427
ISS (ZARYA)             
1 25544U 98067A   26282.82140207  .00006479  00000+0  12652-3 0  9998
2 25544  51.6314  92.7969 0006775 242.6225 117.4075 15.48793003589526
CZ-4B R/B               
1 25732U 99025C   26282.21508282  .00000020  00000+0  30068-4 0  9994
2 25732  98.6369 321.1214 0038202  90.5525 342.1974 14.18297890418436
OKEAN-O                 
1 25860U 99039A   26282.09284338  .00000363  00000+0  54166-4 0  9995
2 25860  97.9183 339.5076 0001494  71.0603 289.0772 14.80570913465961
SL-16 R/B               
1 25861U 99039B   26281.73918997  .00000294  00000+0  43922-4 0  9992
2 25861  97.9706 340.2014 0013410 287.3580  72.6166 14.81934065468410
DELTA 2 R/B             
1 25876U 99041E   26282.11875819  .00000144  00000+0  61148-4 0  9993
2 25876  51.7641 168.4896 0499771 258.4568  95.9868 14.12267238393186
HELIOS 1B               
1 25977U 99064A   26282.21641030  .00000923  00000+0  10634-3 0  9995
2 25977  98.1510 190.6005 0002490  85.1000 275.0500 14.88243663717016
TERRA                   
1 25994U 99068A   26282.85825875  .00000271  00000+0  64024-4 0  9998
2 25994  97.9327 327.7856 0001606 191.1894 223.2150 14.61172635426353
SL-16 R/B               
1 26070U 00006B   26282.23621214 -.00000217  00000+0 -86001-4 0  9992
2 26070  71.0049   8.8146 0018048 222.6201 137.3523 14.15845695378786
TITAN 4B R/B            
1 26474U 00047B   26282.81706817  .00001917  00000+0  12169-3 0  9991
2 26474  67.9868 157.7814 0039520 167.3392 192.8760 15.10698088425248
ENVISAT                 
1 27386U 02009A   26282.82602772  .00000049  00000+0  29893-4 0  9998
2 27386  98.3970 231.6524 0001307  89.0150 293.9205 14.39086523289977
IDEFIX & ARIANE 42P R/B 
1 27422U 02021B   26282.23256118  .00000138  00000+0  68961-4 0  9995
2 27422  98.6015 218.5084 0010690 281.2117  78.7864 14.31124731274565
AQUA                    
1 27424U 02022A   26282.87631193  .00000583  00000+0  12561-3 0  9996
2 27424  98.4436 254.5401 0000961  65.0182 325.1589 14.62228477300036
CZ-4B R/B               
1 27432U 02024C   26282.11132748  .00000023  00000+0  34450-4 0  9997
2 27432  98.8568 334.1197 0050895 135.8255 244.8630 14.14577786259416
MIDORI II (ADEOS-II)    
1 27597U 02056A   26282.86861564  .00000181  00000+0  88737-4 0  9993
2 27597  98.8036 243.1832 0002124  88.1264 272.0161 14.29398350240893
H-2A R/B                
1 27601U 02056E   26281.82699066  .00000158  00000+0  70190-4 0  9998
2 27601  98.3460 234.4316 0068915 246.4704 172.4433 14.33871938244659
CZ-4B R/B               
1 28059U 03049C   26281.62032518  .00000251  00000+0  69277-4 0  9998
2 28059  98.6962 285.0244 0047104 302.7302  56.9358 14.55164198217565
SL-16 R/B               
1 28353U 04021B   26282.85561955  .00000163  00000+0  10952-3 0  9991
2 28353  70.9999 143.0410 0003060  60.6259 299.5168 14.14625621153120
CZ-4B R/B               
1 28415U 04035C   26282.02772926  .00006793  00000+0  21961-3 0  9993
2 28415  97.3280 313.8767 0028049 290.3793  69.4437 15.32022843212549
CZ-2C R/B               
1 28480U 04046B   26281.70827406  .00000063  00000+0  39001-4 0  9994
2 28480  98.1823 183.3207 0138145 244.6281 114.0544 14.27056932138884
ARIANE 5 R/B            
1 28499U 04049H   26282.77268072  .00000381  00000+0  48519-4 0  9990
2 28499  98.2791  99.5360 0084076  18.1018 342.3158 14.85581374177575
CZ-2D R/B               
1 28738U 05024B   26281.62671813  .00105166  00000+0  43370-3 0  9990
2 28738  97.3381 307.9192 0000627 113.8619 246.2717 15.85631248173212
ALOS (DAICHI)           
1 28931U 06002A   26281.82020378  .00000888  00000+0  15545-3 0  9996
2 28931  98.1468 237.1225 0001428  52.0720 308.0615 14.70259433104796
H-2A R/B                
1 28932U 06002B   26281.90098418  .00006913  00000+0  32041-3 0  9991
2 28932  98.2674  88.2466 0048350 233.7501 125.9258 15.19406554126783
RESURS-DK 1             
1 29228U 06021A   26282.77605080  .00001672  00000+0  98997-4 0  9996
2 29228  69.9327  42.8389 0002869 180.4866 179.6299 15.13585662119919
CZ-4B R/B               
1 29507U 06046C   26282.87087286  .00003568  00000+0  17418-3 0  9990
2 29507  97.5331 327.1049 0030623 242.3662 117.4462 15.18532603 92536
CZ-2C R/B               
1 31114U 07010B   26282.74984683  .00000060  00000+0  46259-4 0  9992
2 31114  98.4162  25.5319 0059525  32.9247 327.5616 14.20298441 10095
COSMO-SKYMED 1          
1 31598U 07023A   26282.81020480  .00001797  00000+0  15925-3 0  9999
2 31598  97.8799 115.6654 0001255  98.5757 261.5607 14.97518071 46942
COSMOS 2428             
1 31792U 07029A   26282.83086112 -.00000159  00000+0 -59598-4 0  9995
2 31792  70.9407 113.8053 0012361 296.7331  63.2524 14.12975302994341
SL-16 R/B               
1 31793U 07029B   26281.88468707  .00000375  00000+0  21910-3 0  9998
2 31793  70.9736  84.2190 0001948 278.9981 242.5993 14.14863849995529
KORONAS-FOTON           
1 33504U 09003A   26281.80123284  .00013102  00000+0  24939-3 0  9990
2 33504  82.4287  53.5095 0010811 103.2526 256.9930 15.48001905978668
CZ-2C R/B               
1 37731U 11030B   26281.83505481  .00000885  00000+0  11670-3 0  9997
2 37731  97.8800 235.2607 0052623  18.0999  11.6809 14.81660476821654
H-2A R/B                
1 38341U 12025E   26282.20184529  .00001335  00000+0  12271-3 0  9997
2 38341  98.4971 266.8669 0043199 335.5756  24.3416 14.96139676780133
SHIJIAN-16 (SJ-16)      
1 39358U 13057A   26282.84718953  .00000816  00000+0  81495-4 0  9994
2 39358  74.9720 139.4881 0016462 309.0826  50.8898 14.92821119703455
SL-4 R/B                
1 39679U 14021B   26282.30342900  .00013368  00000+0  25562-3 0  9996
2 39679  51.6066  10.7481 0085574 164.7604 195.5990 15.44478071689235
ALOS-2                  
1 39766U 14029A   26282.84448907  .00001150  00000+0  16085-3 0  9990
2 39766  97.9234  18.3651 0001546  91.1944 268.9445 14.79473984668537
YAOGAN-29               
1 41038U 15069A   26282.87056612 -.00000231  00000+0 -21667-4 0  9995
2 41038  97.9967 311.6470 0002373  48.7330 311.4088 14.83155690587622
ASTRO-H (HITOMI)        
1 41337U 16012A   26281.74154045  .00001823  00000+0  10097-3 0  9990
2 41337  30.9992  60.5557 0009541 316.7115  43.2774 15.10943802584471
HXMT (HUIYAN)           
1 42758U 17034A   26282.82077156  .00003397  00000+0  16749-3 0  9998
2 42758  43.0143 264.3153 0030829 155.2308 205.0029 15.19301144515090
SAOCOM 1A               
1 43641U 18076A   26282.83649954  .00000400  00000+0  56857-4 0  9996
2 43641  97.8881 107.9424 0001520  84.5307 275.6079 14.82159390433089
H-2A R/B                
1 43682U 18084L   26282.21115928  .00025434  00000+0  46169-3 0  9999
2 43682  98.8403 186.3131 0020528   2.1102 358.0228 15.49353636438753
SAOCOM 1B               
1 46265U 20059A   26282.80022575  .00000372  00000+0  53341-4 0  9999
2 46265  97.8879 107.0076 0001418  87.3123 272.8252 14.82157409330467
CSS (TIANHE)            
1 48274U 21035A   26282.22869810  .00018588  00000+0  22293-3 0  9992
2 48274  41.4703 349.3968 0000987 359.2407   0.8430 15.60474718310970
COSMOS 2550             
1 48865U 21056A   26282.85461340  .00004010  00000+0  12761-3 0  9990
2 48865  67.1405 113.0371 0008364 269.1002  90.9194 15.33841374296304
CZ-2C R/B               
1 52794U 22058K   26282.00821689  .00066808  00000+0  51338-3 0  9998
2 52794  50.1820 287.5243 0028791  32.9211 327.3552 15.70803272243484
CZ-2C R/B               
1 54039U 22132E   26282.31558597  .00162923  11666-4  54618-3 0  9998
2 54039  97.2817 295.8065 0007170  28.4279 331.7384 15.90100014223961
GSLV R/B                
1 54149U 22138AN  26281.51851126  .00001672  00000+0  13966-3 0  9990
2 54149  87.3724  94.8629 0023631  96.1946 264.1979 14.97647557215779
XRISM                   
1 57800U 23137A   26282.85803740  .00004156  00000+0  22243-3 0  9992
2 57800  31.0034 336.3266 0007462  42.6195 317.5023 15.13271628170249
ACS3                    
1 59588U 24077B   26282.13529362  .00010857  00000+0  75688-2 0  9992
2 59588  97.2432 176.2144 0044413 354.6915   5.3776 13.98211008123948
SPACEMOBILE-003         
1 61045U 24163A   26282.11947291 -.00000064  00000+0  11913-4 0  9995
2 61045  52.9739 145.6320 0007523  96.1589 264.0262 15.20408958115101
SPACEMOBILE-005         
1 61046U 24163B   26282.03827230  .00004858  00000+0  23429-3 0  9995
2 61046  52.9771 146.0159 0010838  90.6454 269.5782 15.20441285115080
SPACEMOBILE-001         
1 61047U 24163C   26282.03707874  .00000762  00000+0  49296-4 0  9998
2 61047  52.9726 145.6888 0008841  96.6932 263.5069 15.20430770115082
SPACEMOBILE-002         
1 61048U 24163D   26282.02152316  .00016480  00000+0  75868-3 0  9990
2 61048  52.9715 145.8472 0007711  95.3082 264.8792 15.20431424115083
SPACEMOBILE-004         
1 61049U 24163E   26282.66079259  .00003519  00000+0  17403-3 0  9995
2 61049  52.9697 142.6587 0009202 123.7850 236.4022 15.20412168115187
CZ-8A R/B               
1 66004U 25231K   26282.29580968  .00000011  00000+0  62238-4 0  9992
2 66004  50.0039 273.8228 0116821 266.1131  92.6422 14.30189601 51279
SZ-21 MODULE            
1 66515U 25246C   26282.16853302  .00082699  00000+0  28116-3 0  9994
2 66515  41.4697 311.6229 0009981 126.5574 233.6195 15.88734048 51796
SPACEMOBILE-006         
1 67232U 25309A   26281.09720587  .00001159  00000+0  69974-4 0  9990
2 67232  52.9937 174.2860 0012138 118.3922 241.8297 15.18974543 43755
SPACEMOBILE-008         
1 69589U 26139A   26281.89899619  .00000857  00000+0  64779-4 0  9992
2 69589  52.9942 106.2272 0002713 333.8637  26.2216 15.13037319 17196
SPACEMOBILE-009         
1 69590U 26139B   26282.23718055  .00001006  00000+0  73301-4 0  9995
2 69590  52.9935 104.7627 0002849 326.5972  33.4838 15.12932808 17240
SPACEMOBILE-010         
1 69591U 26139C   26282.77736347  .00001485  00000+0  10049-3 0  9999
2 69591  52.9937 102.4406 0002814 313.6989  46.3768 15.12795922 17339
